1 0.602 0.328 0.16 0.208
1 0.327 0.39466666666666667 0.202 0.21333333333333332
1 0.597 0.24266666666666667 0.166 0.15466666666666667
1 0.379 0.292 0.186 0.23199999999999998
1 0.588 0.164 0.152 0.12
1 0.597 0.09066666666666666 0.114 0.13866666666666666
1 0.627 0.06666666666666667 0.11 0.128
1 0.146 0.31066666666666665 0.2 0.20533333333333334
1 0.848 0.8653333333333333 0.304 0.2693333333333333
1 0.873 0.6026666666666667 0.254 0.2826666666666667
1 0.934 0.412 0.132 0.12
1 0.912 0.3813333333333333 0.176 0.18133333333333332
1 0.886 0.296 0.17200000000000001 0.21333333333333332
1 0.864 0.22666666666666666 0.152 0.16533333333333333
1 0.8230000000000001 0.10266666666666667 0.138 0.19999999999999998
1 0.976 0.12933333333333333 0.048 0.16266666666666665
1 0.9530000000000001 0.06266666666666666 0.094 0.12
1 0.044 0.39866666666666667 0.084 0.17866666666666667
0 0.171 0.764 0.11800000000000001 0.27999999999999997
0 0.521 0.5213333333333333 0.098 0.23199999999999998
0 0.301 0.504 0.094 0.23466666666666666
0 0.269 0.20133333333333334 0.058 0.09333333333333332
