6 0.28466796875 0.14309031556039173 0.4345703125 0.15342763873775844
6 0.69580078125 0.10500544069640914 0.3486328125 0.10119695321001089
6 0.716796875 0.3133841131664853 0.51171875 0.17845484221980415
6 0.21826171875 0.3193688792165397 0.4013671875 0.20783460282916214
6 0.4521484375 0.47606093579978237 0.28125 0.11643090315560392
6 0.8271484375 0.4581066376496192 0.30078125 0.16974972796517954
6 0.1767578125 0.5609357997823722 0.2734375 0.13601741022850924
6 0.6396484375 0.5854189336235038 0.380859375 0.12622415669205658
6 0.32958984375 0.7002176278563657 0.4111328125 0.16648531011969533
6 0.75146484375 0.8128400435255713 0.2646484375 0.30903155603917304
6 0.3583984375 0.8558215451577802 0.36328125 0.18171926006528835
