6 0.5708333333333334 0.575531914893617 0.8583333333333334 0.4319148936170213
0 0.8716666666666667 0.8127659574468086 0.14 0.3574468085106383
0 0.9533333333333334 0.7819148936170213 0.09333333333333334 0.38085106382978723
0 0.6525000000000001 0.7265957446808511 0.04166666666666667 0.16382978723404257
0 0.6041666666666667 0.7244680851063829 0.05166666666666667 0.1851063829787234
0 0.7441666666666668 0.7340425531914894 0.03833333333333334 0.16170212765957448
0 0.7233333333333334 0.6563829787234042 0.030000000000000002 0.08723404255319149
0 0.7525000000000001 0.6351063829787235 0.025 0.04893617021276596
0 0.9841666666666667 0.6382978723404256 0.03166666666666667 0.0723404255319149
0 0.4766666666666667 0.5670212765957446 0.03333333333333333 0.10425531914893617
0 0.42500000000000004 0.5148936170212766 0.030000000000000002 0.08085106382978724
0 0.5608333333333334 0.6478723404255319 0.04166666666666667 0.08297872340425531
0 0.5241666666666667 0.6755319148936171 0.03833333333333334 0.15106382978723404
0 0.24583333333333335 0.7244680851063829 0.045000000000000005 0.11702127659574468
