0 0.5817307692307693 0.6951219512195121 0.06730769230769232 0.2634146341463415
0 0.5130494505494506 0.6853658536585366 0.05082417582417583 0.25365853658536586
0 0.47321428571428575 0.6926829268292682 0.042582417582417584 0.24878048780487805
0 0.43681318681318687 0.6817073170731708 0.04395604395604396 0.26097560975609757
0 0.39972527472527475 0.7024390243902439 0.038461538461538464 0.2634146341463415
0 0.36744505494505497 0.7146341463414634 0.042582417582417584 0.24390243902439024
0 0.3001373626373627 0.7195121951219512 0.08104395604395605 0.3024390243902439
1 0.2925824175824176 0.5682926829268292 0.14285714285714288 0.21951219512195122
1 0.19162087912087913 0.5304878048780488 0.10576923076923078 0.15365853658536585
1 0.1208791208791209 0.49146341463414633 0.08241758241758243 0.11951219512195121
