6 0.5019305019305019 0.5095693779904307 0.9961389961389961 0.569377990430622
0 0.5740025740025739 0.6092503987240829 0.09009009009009009 0.22647527910685805
0 0.9337194337194337 0.5717703349282297 0.05276705276705276 0.1547049441786284
0 0.8861003861003861 0.5518341307814992 0.039897039897039896 0.11802232854864433
0 0.803088803088803 0.5614035087719298 0.05148005148005148 0.13078149920255183
0 0.7644787644787645 0.5781499202551834 0.043758043758043756 0.18341307814992025
0 0.7355212355212355 0.5677830940988836 0.05019305019305019 0.14035087719298245
0 0.6537966537966537 0.5717703349282297 0.05405405405405405 0.14513556618819776
0 0.7001287001287001 0.5701754385964912 0.04633204633204633 0.12599681020733652
0 0.1833976833976834 0.4864433811802233 0.032175032175032175 0.10845295055821372
