6 0.7844444444444444 0.17916666666666667 0.1111111111111111 0.13833333333333334
6 0.4127777777777778 0.6050000000000001 0.8255555555555556 0.5566666666666668
0 0.4222222222222222 0.46 0.05333333333333333 0.18000000000000002
0 0.38055555555555554 0.4391666666666667 0.06555555555555556 0.195
0 0.27444444444444444 0.5750000000000001 0.08 0.29000000000000004
0 0.20444444444444446 0.7666666666666667 0.11333333333333333 0.4266666666666667
0 0.10888888888888888 0.7916666666666667 0.1288888888888889 0.4166666666666667
0 0.13055555555555556 0.5875 0.09222222222222222 0.16166666666666668
0 0.06166666666666667 0.7341666666666667 0.09888888888888889 0.4316666666666667
0 0.01611111111111111 0.7341666666666667 0.03222222222222222 0.24166666666666667
