0 0.46630859375 0.568359375 0.9228515625 0.44921875
0 0.26513671875 0.6119791666666666 0.1044921875 0.3958333333333333
0 0.14208984375 0.5651041666666666 0.0517578125 0.203125
0 0.12255859375 0.5677083333333333 0.0498046875 0.2265625
0 0.07763671875 0.5325520833333333 0.0615234375 0.16927083333333331
0 0.970703125 0.515625 0.05859375 0.19010416666666666
0 0.8896484375 0.5032552083333333 0.0390625 0.16015625
0 0.85205078125 0.4817708333333333 0.0244140625 0.07291666666666666
0 0.91845703125 0.482421875 0.0322265625 0.08463541666666666
0 0.95263671875 0.4895833333333333 0.0283203125 0.09375
0 0.0283203125 0.5130208333333333 0.029296875 0.08854166666666666
