6 0.78125 0.25718608169440244 0.232421875 0.17851739788199697
0 0.2890625 0.5529500756429652 0.04296875 0.12859304084720122
0 0.19384765625 0.5794251134644478 0.1162109375 0.21785173978819972
0 0.0654296875 0.5529500756429652 0.103515625 0.27685325264750377
0 0.3515625 0.7087745839636914 0.052734375 0.11649016641452345
0 0.31884765625 0.8169440242057489 0.0380859375 0.09682299546142209
0 0.341796875 0.8093797276853253 0.025390625 0.08472012102874432
0 0.3544921875 0.8139183055975795 0.025390625 0.07564296520423601
0 0.2734375 0.8161875945537065 0.052734375 0.12254160363086233
0 0.16259765625 0.8494704992435703 0.0166015625 0.08320726172465961
0 0.16943359375 0.8608169440242057 0.0244140625 0.0907715582450832
