6 0.5079207920792079 0.4551451187335092 0.9841584158415841 0.6754617414248021
0 0.3237623762376238 0.7249340369393139 0.14455445544554454 0.4076517150395778
0 0.19306930693069307 0.7829815303430079 0.15247524752475247 0.4076517150395778
0 0.16336633663366337 0.7242744063324538 0.10495049504950495 0.37994722955145116
0 0.5648514851485149 0.695910290237467 0.0504950495049505 0.23350923482849603
0 0.49207920792079207 0.6576517150395779 0.05148514851485149 0.15435356200527703
0 0.7064356435643564 0.670844327176781 0.05643564356435644 0.20712401055408972
0 0.7599009900990099 0.6721635883905013 0.0702970297029703 0.18337730870712401
0 0.6688118811881189 0.6906332453825857 0.0702970297029703 0.18337730870712401
0 0.6287128712871287 0.6728232189973614 0.047524752475247525 0.15039577836411608
0 0.6668316831683169 0.5455145118733509 0.030693069306930693 0.14116094986807387
0 0.6212871287128713 0.5303430079155672 0.030693069306930693 0.13192612137203166
0 0.5886138613861386 0.4808707124010554 0.046534653465346534 0.16226912928759893
0 0.5460396039603961 0.45778364116094983 0.04257425742574258 0.16358839050131926
0 0.5202970297029703 0.40369393139841686 0.048514851485148516 0.12401055408970976
0 0.4727722772277228 0.39116094986807387 0.05247524752475247 0.13324538258575197
0 0.42475247524752474 0.38258575197889183 0.04356435643564356 0.12137203166226912
0 0.3782178217821782 0.40567282321899734 0.039603960396039604 0.08575197889182058
0 0.35346534653465345 0.40897097625329815 0.033663366336633666 0.09234828496042216
