0 0.77685546875 0.5849194729136165 0.0869140625 0.4231332357247438
0 0.65087890625 0.5351390922401171 0.0712890625 0.24743777452415813
0 0.6005859375 0.5490483162518301 0.072265625 0.2840409956076135
0 0.2548828125 0.5029282576866765 0.05859375 0.20351390922401172
0 0.22412109375 0.568814055636896 0.0986328125 0.37920937042459735
0 0.1748046875 0.5146412884333822 0.044921875 0.232796486090776
0 0.10888671875 0.4663250366032211 0.0439453125 0.09224011713030747
0 0.05615234375 0.46046852122986826 0.0400390625 0.11273792093704246
0 0.01953125 0.4743777452415813 0.033203125 0.13469985358711567
6 0.62451171875 0.3257686676427526 0.7470703125 0.3469985358711567
