6 0.49727272727272726 0.5054570259208732 0.9872727272727273 0.6152796725784447
0 0.9586363636363636 0.6425648021828104 0.028181818181818183 0.06548431105047749
0 0.7327272727272727 0.6425648021828104 0.02727272727272727 0.07639836289222374
0 0.7136363636363636 0.6425648021828104 0.016363636363636365 0.05184174624829468
0 0.695 0.6391541609822646 0.02090909090909091 0.05593451568894952
0 0.17181818181818181 0.6439290586630286 0.025454545454545455 0.05184174624829468
0 0.13772727272727273 0.640518417462483 0.031818181818181815 0.05593451568894952
0 0.3618181818181818 0.6343792633015007 0.014545454545454545 0.06821282401091405
0 0.3759090909090909 0.6418826739427013 0.008181818181818182 0.05593451568894952
0 0.3831818181818182 0.6439290586630286 0.015454545454545455 0.05184174624829468
