6 0.21555555555555556 0.17916666666666667 0.1111111111111111 0.13833333333333334
6 0.5872222222222222 0.6050000000000001 0.8255555555555556 0.5566666666666668
0 0.5777777777777777 0.46 0.05333333333333333 0.18000000000000002
0 0.6194444444444445 0.4391666666666667 0.06555555555555556 0.195
0 0.7255555555555555 0.5750000000000001 0.08 0.29000000000000004
0 0.7955555555555556 0.7666666666666667 0.11333333333333333 0.4266666666666667
0 0.8911111111111111 0.7916666666666667 0.1288888888888889 0.4166666666666667
0 0.8694444444444445 0.5875 0.09222222222222222 0.16166666666666668
0 0.9383333333333334 0.7341666666666667 0.09888888888888889 0.4316666666666667
0 0.9838888888888889 0.7341666666666667 0.03222222222222222 0.24166666666666667
