5 0.586 0.6794871794871795 0.732 0.5897435897435898
5 0.177 0.5592948717948718 0.338 0.4391025641025641
5 0.491 0.23237179487179485 0.23800000000000002 0.15064102564102563
5 0.784 0.24679487179487178 0.268 0.22435897435897434
0 0.34600000000000003 0.4006410256410256 0.092 0.23717948717948717
0 0.217 0.24519230769230768 0.07 0.1378205128205128
0 0.064 0.2419871794871795 0.096 0.3173076923076923
0 0.927 0.3381410256410256 0.126 0.21474358974358973
0 0.6900000000000001 0.46955128205128205 0.07200000000000001 0.20833333333333331
0 0.47100000000000003 0.14423076923076922 0.078 0.12179487179487179
0 0.34400000000000003 0.22435897435897434 0.07200000000000001 0.1282051282051282
