0 0.28700000000000003 0.42266666666666663 0.08600000000000001 0.20533333333333334
0 0.441 0.42133333333333334 0.054 0.05333333333333333
0 0.406 0.4106666666666667 0.044 0.064
0 0.922 0.416 0.036000000000000004 0.21333333333333332
0 0.7010000000000001 0.36 0.042 0.096
0 0.606 0.3813333333333333 0.056 0.13333333333333333
1 0.504 0.644 0.9 0.45066666666666666
1 0.145 0.5666666666666667 0.28600000000000003 0.33866666666666667
1 0.126 0.36 0.248 0.21866666666666665
1 0.973 0.41466666666666663 0.046 0.248
1 0.897 0.19999999999999998 0.098 0.10133333333333333
