1 0.513 0.5426666666666666 0.854 0.5413333333333333
1 0.858 0.37466666666666665 0.28400000000000003 0.2373333333333333
1 0.9430000000000001 0.26 0.114 0.06133333333333333
1 0.623 0.3333333333333333 0.262 0.14933333333333332
1 0.754 0.28933333333333333 0.152 0.104
1 0.833 0.2786666666666667 0.10200000000000001 0.06133333333333333
1 0.886 0.27066666666666667 0.044 0.04
1 0.079 0.38266666666666665 0.134 0.16266666666666665
1 0.035 0.3813333333333333 0.066 0.10133333333333333
0 0.5740000000000001 0.2813333333333333 0.092 0.19999999999999998
0 0.81 0.25866666666666666 0.032 0.058666666666666666
0 0.837 0.256 0.026000000000000002 0.048
0 0.867 0.2533333333333333 0.026000000000000002 0.042666666666666665
0 0.33 0.08399999999999999 0.028 0.088
0 0.295 0.08266666666666667 0.03 0.058666666666666666
