0 0.13828125 0.6626794258373205 0.23593750000000002 0.6507177033492823
0 0.02109375 0.25598086124401914 0.0390625 0.2727272727272727
0 0.284375 0.25717703349282295 0.06875 0.1985645933014354
0 0.784375 0.41985645933014354 0.14375000000000002 0.5287081339712918
0 0.8453125 0.24401913875598086 0.07500000000000001 0.2966507177033493
0 0.9109375000000001 0.33253588516746413 0.084375 0.5023923444976076
0 0.79609375 0.14832535885167464 0.029687500000000002 0.10526315789473684
0 0.7585937500000001 0.11363636363636363 0.045312500000000006 0.12679425837320574
0 0.98203125 0.09569377990430622 0.035937500000000004 0.18660287081339713
0 0.35078125000000004 0.10047846889952153 0.045312500000000006 0.11004784688995214
0 0.40546875000000004 0.08492822966507177 0.045312500000000006 0.08851674641148324
1 0.13828125 0.18660287081339713 0.2734375 0.3253588516746411
0 0.6109375 0.03827751196172249 0.034375 0.06220095693779904
0 0.6484375 0.039473684210526314 0.03125 0.050239234449760764
