2 0.8258333333333334 0.34844868735083534 0.34833333333333333 0.6109785202863962
2 0.5716666666666667 0.324582338902148 0.22666666666666668 0.49642004773269693
2 0.07333333333333333 0.30787589498806683 0.14 0.22911694510739858
0 0.19416666666666668 0.28162291169451076 0.09166666666666667 0.21957040572792363
0 0.2841666666666667 0.2935560859188544 0.07166666666666667 0.23389021479713604
0 0.3541666666666667 0.29236276849642007 0.085 0.24105011933174225
0 0.42833333333333334 0.2649164677804296 0.11 0.24343675417661098
0 0.19166666666666668 0.5083532219570406 0.10333333333333335 0.3054892601431981
0 0.2675 0.5047732696897375 0.08833333333333333 0.28878281622911695
0 0.35333333333333333 0.5023866348448688 0.09666666666666668 0.27446300715990457
0 0.4425 0.5083532219570406 0.12166666666666667 0.2959427207637232
