1 0.6830729166666667 0.563888888889 0.1015625 0.185185185185
1 0.45546875 0.66712962963 0.16302083333333334 0.24537037037000006
1 0.49765624999999997 0.881944444444 0.22864583333333333 0.23425925925899999
1 0.1203125 0.857407407407 0.23124999999999998 0.2814814814810001
1 0.225 0.544907407407 0.20104166666666667 0.17685185185200009
1 0.4515625 0.38101851851900004 0.12083333333333333 0.12314814814800004
1 0.2359375 0.383796296296 0.10625 0.09907407407409997
1 0.06380208333333333 0.543518518519 0.1265625 0.19814814814799994
1 0.03828125 0.406018518519 0.07447916666666667 0.0842592592593
0 0.83203125 0.510648148148 0.019270833333333334 0.12129629629600003
0 0.1515625 0.368981481481 0.021875 0.08055555555559998
0 0.20494791666666667 0.325462962963 0.0203125 0.07129629629629998
1 0.67265625 0.34675925925900003 0.049479166666666664 0.08611111111109995
1 0.5354166666666667 0.31805555555600007 0.05625 0.07870370370370003
1 0.56796875 0.268518518519 0.04635416666666667 0.0685185185185
1 0.6390625 0.252777777778 0.03125 0.051851851851899985
1 0.5815104166666667 0.240277777778 0.0296875 0.04537037037040003
1 0.6708333333333333 0.239814814815 0.029166666666666667 0.05
1 0.59921875 0.226851851852 0.0296875 0.042592592592600016
1 0.609375 0.213425925926 0.022916666666666665 0.036111111111100005
1 0.6166666666666667 0.200925925926 0.021875 0.03703703703699999
1 0.6572916666666666 0.19259259259300002 0.01875 0.03148148148150001
1 0.5578125 0.161111111111 0.015625 0.02777777777779999
1 0.5723958333333333 0.156944444444 0.015625 0.02314814814809999
0 0.52578125 0.183333333333 0.011979166666666666 0.03333333333330002
0 0.4888020833333333 0.1875 0.009895833333333333 0.036111111111100005
0 0.4765625 0.18055555555600003 0.008333333333333333 0.03333333333330002
0 0.49895833333333334 0.168518518519 0.008333333333333333 0.03333333333330002
0 0.4557291666666667 0.181018518519 0.009375 0.030555555555599977
0 0.40078125 0.203240740741 0.009895833333333333 0.03981481481480003
1 0.6723958333333333 0.186111111111 0.026041666666666668 0.02592592592589998
