1 0.5339506172839998 0.64208984375 0.14969135802499994 0.1982421875
1 0.323688271605 0.62841796875 0.16280864197500003 0.23828125
0 0.869020061728 0.531494140625 0.04822530864199987 0.15380859375
0 0.730516975309 0.436767578125 0.03356481481480007 0.11767578125
0 0.772762345679 0.41455078125 0.03626543209880008 0.119140625
0 0.6489197530859999 0.3955078125 0.03009259259259996 0.10546875
0 0.650848765432 0.29052734375 0.026234567901200004 0.083984375
1 0.0738811728395 0.635009765625 0.147762345679 0.21533203125
0 0.108603395062 0.435791015625 0.03356481481479999 0.10693359375
0 0.5706018518519999 0.246337890625 0.019290123456799948 0.05908203125
0 0.601466049383 0.262451171875 0.01851851851849992 0.06689453125
0 0.721064814815 0.244140625 0.02237654320990005 0.0654296875
0 0.581983024691 0.206787109375 0.015817901234600005 0.04833984375
1 0.123649691358 0.22021484375 0.08680555555560002 0.0458984375
1 0.176311728395 0.184326171875 0.03626543209879999 0.03271484375
1 0.267554012346 0.186279296875 0.048225308641999955 0.04443359375
1 0.345293209877 0.178466796875 0.034722222222200026 0.03564453125
1 0.35455246913599997 0.161376953125 0.032407407407400037 0.02978515625
1 0.395447530864 0.16015625 0.030864197530899987 0.03125
1 0.31539351851899994 0.152099609375 0.03125 0.03369140625
1 0.34278549382699997 0.1328125 0.026620370370400017 0.02734375
1 0.40162037037 0.13525390625 0.023148148148100033 0.0322265625
1 0.46585648148099995 0.1708984375 0.06520061728399991 0.08984375
1 0.493634259259 0.142578125 0.051311728395099974 0.0712890625
1 0.377700617284 0.10986328125 0.015432098765399992 0.0185546875
1 0.39737654320999993 0.10302734375 0.016203703703700018 0.017578125
1 0.44463734567899993 0.115966796875 0.018132716049400085 0.02099609375
1 0.514660493827 0.10400390625 0.019290123456799948 0.01953125
1 0.45505401234599996 0.1044921875 0.018132716049400085 0.01953125
1 0.434799382716 0.105224609375 0.016975308642000045 0.01806640625
