0 0.361197916667 0.5314814814810002 0.016145833333300056 0.08518518518519992
0 0.378125 0.514814814815 0.021875 0.144444444444
0 0.63828125 0.24629629629600003 0.013020833333299937 0.04814814814810002
0 0.65703125 0.236111111111 0.013020833333299937 0.05
0 0.58046875 0.201388888889 0.011979166666700063 0.037962962963000016
0 0.024479166666700004 0.831481481481 0.0489583333333 0.187037037037
1 0.465625 0.516666666667 0.10208333333299997 0.16851851851900002
1 0.73515625 0.6814814814810001 0.22343749999999998 0.3592592592589999
1 0.736458333333 0.411574074074 0.10520833333300009 0.10833333333300006
1 0.598177083333 0.276388888889 0.06510416666670006 0.06203703703699998
1 0.501822916667 0.21203703703700003 0.034895833333300055 0.040740740740700006
1 0.40781249999999997 0.24583333333300003 0.04270833333329994 0.054629629629600024
1 0.31171875 0.221759259259 0.028645833333300057 0.0398148148148
1 0.352604166667 0.220833333333 0.02916666666670006 0.0342592592593
1 0.391145833333 0.21203703703700003 0.023958333333300056 0.040740740740700006
1 0.378645833333 0.196296296296 0.025 0.03703703703699999
1 0.334895833333 0.19212962963 0.022916666666699944 0.026851851851900012
1 0.439322916667 0.187037037037 0.0296875 0.040740740740700006
1 0.442447916667 0.15509259259300004 0.011979166666699943 0.026851851851900012
1 0.428385416667 0.15138888888900004 0.016145833333300056 0.02314814814809999
