1 0.315767973856 0.4345703125 0.10702614379099996 0.10546875
1 0.475285947712 0.486328125 0.108251633987 0.1435546875
1 0.714052287582 0.4697265625 0.13153594771199997 0.119140625
1 0.531454248366 0.7001953125 0.19281045751600012 0.216796875
1 0.287581699346 0.5634765625 0.17238562091499998 0.1787109375
1 0.12193627451 0.847412109375 0.22916666666700003 0.30419921875
1 0.491421568627 0.904052734375 0.33006535947700005 0.19091796875
0 0.617647058824 0.33544921875 0.03594771241829991 0.091796875
0 0.648897058824 0.340576171875 0.044526143790800075 0.09326171875
0 0.616625816993 0.216796875 0.017565359477100036 0.048828125
0 0.598243464052 0.1875 0.018382352941200063 0.044921875
