1 0.44290123456799996 0.79296875 0.16975308641999998 0.265625
1 0.711805555556 0.812255859375 0.23533950617300003 0.30029296875
1 0.632137345679 0.48095703125 0.12152777777800006 0.1572265625
1 0.466435185185 0.446044921875 0.09645061728399991 0.12353515625
1 0.495949074074 0.337646484375 0.0783179012346 0.08740234375
1 0.511766975309 0.2841796875 0.054398148148100074 0.068359375
1 0.6037808641979999 0.26220703125 0.09413580246910001 0.1435546875
1 0.304783950617 0.320068359375 0.07947530864200004 0.07958984375
1 0.15605709876499999 0.46337890625 0.13387345678999998 0.173828125
1 0.11882716049399998 0.3955078125 0.09645061728399999 0.091796875
1 0.178240740741 0.3359375 0.08950617283950003 0.0751953125
1 0.24440586419799998 0.287841796875 0.06905864197530004 0.07470703125
1 0.304783950617 0.24951171875 0.055555555555600024 0.0537109375
1 0.0981867283951 0.3291015625 0.07908950617279999 0.0595703125
1 0.0777391975309 0.307373046875 0.07137345679010001 0.06396484375
1 0.0302854938272 0.408447265625 0.060570987654299996 0.10595703125
1 0.453510802469 0.239013671875 0.04668209876539999 0.05126953125
1 0.49151234567899993 0.199462890625 0.035493827160499966 0.03271484375
1 0.525077160494 0.184814453125 0.027777777777800057 0.02978515625
1 0.48398919753099995 0.175048828125 0.02816358024690007 0.02783203125
1 0.389081790123 0.229248046875 0.04668209876540003 0.04248046875
1 0.249807098765 0.214599609375 0.07600308641980001 0.09130859375
1 0.354359567901 0.210205078125 0.03587962962959998 0.02685546875
1 0.303240740741 0.211669921875 0.040123456790100036 0.03759765625
