1 0.4581404320987654 0.43994140625 0.10841049382716049 0.1298828125
1 0.6001157407407407 0.427001953125 0.10146604938271604 0.11572265625
1 0.6853780864197531 0.694580078125 0.17476851851851852 0.22119140625
1 0.46334876543209874 0.333740234375 0.06867283950617284 0.08251953125
1 0.544945987654321 0.288818359375 0.05439814814814815 0.07470703125
1 0.486304012345679 0.23779296875 0.04205246913580247 0.048828125
1 0.3969907407407407 0.233154296875 0.08796296296296297 0.13720703125
1 0.7876157407407407 0.312255859375 0.0952932098765432 0.08544921875
1 0.6902006172839505 0.230224609375 0.034722222222222224 0.03564453125
1 0.576195987654321 0.2421875 0.04282407407407407 0.048828125
1 0.5570987654320987 0.213623046875 0.037037037037037035 0.03271484375
1 0.6348379629629629 0.196533203125 0.0783179012345679 0.13623046875
1 0.5439814814814814 0.184326171875 0.02700617283950617 0.03466796875
1 0.5250771604938271 0.169921875 0.02700617283950617 0.0263671875
1 0.5090663580246914 0.1474609375 0.02353395061728395 0.0263671875
0 0.2197145061728395 0.281005859375 0.02353395061728395 0.06591796875
