0 0.9388020833333334 0.710648148148 0.0390625 0.193518518519
0 0.14791666666666667 0.403240740741 0.015625 0.06018518518520003
0 0.13333333333333333 0.390740740741 0.01875 0.09259259259259997
0 0.278125 0.29120370370400006 0.01875 0.056481481481500014
0 0.47109375 0.181944444444 0.0109375 0.037962962963000016
1 0.18385416666666665 0.510185185185 0.178125 0.15370370370399997
1 0.42734374999999997 0.397685185185 0.11510416666666666 0.11574074074100002
1 0.5546875 0.321759259259 0.059375 0.07870370370370003
1 0.6096354166666667 0.22222222222200003 0.0296875 0.04259259259259999
1 0.6877604166666667 0.222685185185 0.0265625 0.041666666666699985
1 0.634375 0.190740740741 0.021875 0.040740740740700006
1 0.61171875 0.176388888889 0.030729166666666665 0.026851851851900012
1 0.5505208333333333 0.164351851852 0.017708333333333333 0.02314814814809999
1 0.5575520833333333 0.15509259259300004 0.018229166666666668 0.030555555555599977
1 0.5716145833333334 0.15509259259300004 0.0203125 0.02314814814809999
0 0.40546875 0.20046296296300004 0.0140625 0.03981481481480003
