1 0.2621527777777778 0.616943359375 0.17939814814814814 0.19384765625
1 0.4359567901234568 0.779296875 0.2075617283950617 0.2900390625
1 0.69116512345679 0.66259765625 0.1554783950617284 0.2001953125
1 0.8140432098765432 0.861083984375 0.26157407407407407 0.26708984375
1 0.8096064814814814 0.287841796875 0.17554012345679013 0.21630859375
1 0.5200617283950617 0.149169921875 0.032407407407407406 0.03662109375
0 0.3290895061728395 0.336181640625 0.03626543209876543 0.09619140625
1 0.6134259259259259 0.15869140625 0.02700617283950617 0.0322265625
1 0.708912037037037 0.169921875 0.03510802469135802 0.03125
1 0.6236496913580246 0.126220703125 0.02199074074074074 0.02490234375
1 0.9085648148148148 0.171630859375 0.06712962962962962 0.03466796875
1 0.8560956790123456 0.165771484375 0.04938271604938271 0.02685546875
1 0.6500771604938271 0.1142578125 0.023148148148148147 0.021484375
0 0.41994598765432095 0.196044921875 0.015046296296296295 0.05224609375
0 0.4211033950617284 0.195068359375 0.015046296296296295 0.05224609375
0 0.363233024691358 0.217041015625 0.015817901234567902 0.04150390625
0 0.3794367283950617 0.19091796875 0.01273148148148148 0.044921875
0 0.3655478395061728 0.18701171875 0.011959876543209876 0.0419921875
0 0.4880401234567901 0.140625 0.011574074074074073 0.03515625
1 0.5549768518518519 0.119384765625 0.02353395061728395 0.03173828125
1 0.5025077160493827 0.095458984375 0.015046296296296295 0.01611328125
1 0.5071373456790124 0.088134765625 0.01427469135802469 0.01416015625
1 0.5565200617283951 0.077392578125 0.016589506172839504 0.02392578125
1 0.6057098765432098 0.090576171875 0.014660493827160493 0.01611328125
1 0.5368441358024691 0.080810546875 0.011959876543209876 0.01416015625
1 0.5744598765432098 0.08251953125 0.013888888888888888 0.013671875
