1 0.2875 0.6726851851850001 0.18020833333333333 0.25648148148100003
1 0.528125 0.5671296296300001 0.12395833333333334 0.20277777777799996
1 0.4984375 0.397685185185 0.08333333333333333 0.11574074074100002
1 0.62578125 0.34537037037 0.057812499999999996 0.08333333333329997
1 0.6361979166666667 0.266203703704 0.0328125 0.06018518518520003
1 0.6171875 0.225462962963 0.026041666666666668 0.036111111111100005
1 0.6875 0.22546296296299997 0.030208333333333334 0.03796296296299999
1 0.65625 0.21944444444400002 0.021875 0.03703703703700001
1 0.6356770833333333 0.191203703704 0.022395833333333334 0.025
1 0.6778645833333333 0.190740740741 0.0203125 0.029629629629599998
1 0.44453125 0.266203703704 0.057812499999999996 0.06018518518520003
1 0.5697916666666667 0.15787037037 0.015625 0.025
1 0.55859375 0.15138888888900004 0.015104166666666667 0.02314814814809999
1 0.55078125 0.16342592592600003 0.0171875 0.017592592592600015
0 0.6549479166666666 0.5324074074070001 0.0328125 0.144444444444
0 0.22708333333333333 0.278703703704 0.013541666666666667 0.05
0 0.35703125 0.226851851852 0.011979166666666666 0.042592592592600016
