1 0.4560185185185185 0.817626953125 0.1898148148148148 0.28662109375
1 0.6521990740740741 0.5947265625 0.15316358024691357 0.2041015625
1 0.5706018518518519 0.3544921875 0.08564814814814814 0.111328125
1 0.46412037037037035 0.322265625 0.06635802469135801 0.08984375
1 0.5397376543209876 0.27880859375 0.05632716049382716 0.0791015625
1 0.4533179012345679 0.264404296875 0.048611111111111105 0.05908203125
0 0.2762345679012346 0.272705078125 0.020833333333333332 0.06005859375
0 0.8701774691358024 0.2919921875 0.017361111111111112 0.0595703125
0 0.8074845679012346 0.283203125 0.017746913580246913 0.0546875
0 0.6437114197530864 0.250244140625 0.018132716049382713 0.05126953125
1 0.6876929012345678 0.242919921875 0.05054012345679012 0.04931640625
1 0.4436728395061728 0.221923828125 0.03626543209876543 0.04443359375
1 0.49517746913580246 0.21142578125 0.03665123456790123 0.046875
1 0.4583333333333333 0.193603515625 0.032407407407407406 0.03564453125
1 0.47800925925925924 0.175048828125 0.026234567901234566 0.02880859375
1 0.44328703703703703 0.176025390625 0.026234567901234566 0.02783203125
1 0.44849537037037035 0.16015625 0.024305555555555552 0.0283203125
1 0.4720293209876543 0.138916015625 0.015046296296296295 0.01708984375
1 0.4542824074074074 0.140380859375 0.016589506172839504 0.01611328125
1 0.44521604938271603 0.13525390625 0.016203703703703703 0.015625
1 0.46431327160493824 0.126708984375 0.01273148148148148 0.01318359375
1 0.46412037037037035 0.113525390625 0.012345679012345678 0.01123046875
1 0.44849537037037035 0.11962890625 0.01273148148148148 0.013671875
0 0.5532407407407407 0.145263671875 0.010030864197530864 0.02685546875
