1 0.428433641975 0.778564453125 0.179398148148 0.27001953125
1 0.488233024691 0.5009765625 0.10841049382699995 0.16015625
1 0.34587191358 0.450439453125 0.10841049382700005 0.12060546875
1 0.490547839506 0.3681640625 0.07986111111110006 0.083984375
1 0.439236111111 0.302490234375 0.06134259259259996 0.06884765625
1 0.5081018518519999 0.25830078125 0.04938271604939991 0.0537109375
1 0.456018518519 0.251220703125 0.04938271604940008 0.06103515625
1 0.651427469136 0.4248046875 0.17708333333299997 0.306640625
1 0.6006944444439999 0.24609375 0.10493827160500002 0.1328125
1 0.113811728395 0.511474609375 0.137345679012 0.16162109375
1 0.251929012346 0.364013671875 0.104166666667 0.11767578125
1 0.34876543209899996 0.260986328125 0.0547839506173 0.07470703125
1 0.0717592592593 0.425048828125 0.122685185185 0.10986328125
1 0.264853395062 0.279052734375 0.06288580246910001 0.05126953125
1 0.29591049382699997 0.252197265625 0.05092592592590005 0.05419921875
1 0.206211419753 0.275146484375 0.049768518518500005 0.05126953125
1 0.24556327160499997 0.244384765625 0.04359567901229997 0.04345703125
1 0.101851851852 0.30078125 0.17361111111099997 0.154296875
1 0.395061728395 0.21826171875 0.0416666666667 0.037109375
1 0.34336419753099995 0.213623046875 0.04398148148149999 0.03564453125
1 0.490547839506 0.160888671875 0.023533950617299914 0.02783203125
1 0.521412037037 0.162353515625 0.02430555555559994 0.03076171875
1 0.393711419753 0.180908203125 0.03433641975309997 0.03466796875
