0 0.797260802469 0.599365234375 0.05671296296300007 0.15283203125
1 0.532214506173 0.82275390625 0.2156635802469999 0.306640625
1 0.501929012346 0.377197265625 0.08796296296299998 0.10205078125
1 0.585841049383 0.259765625 0.08912037037040002 0.1083984375
1 0.308449074074 0.34619140625 0.07986111111109996 0.09765625
1 0.336226851852 0.264404296875 0.065200617284 0.06591796875
1 0.188464506173 0.339111328125 0.0952932098765 0.10498046875
1 0.18788580246899997 0.487060546875 0.141975308642 0.17529296875
1 0.37191358024699994 0.170654296875 0.06867283950620003 0.10693359375
1 0.282214506173 0.244384765625 0.052854938271600024 0.05224609375
1 0.320987654321 0.1953125 0.03858024691359998 0.037109375
1 0.288773148148 0.152587890625 0.05825617283950003 0.07373046875
1 0.463541666667 0.1376953125 0.02584876543209999 0.029296875
1 0.430169753086 0.10400390625 0.016975308642000045 0.0224609375
1 0.457947530864 0.114013671875 0.019290123456799948 0.02099609375
1 0.463155864198 0.092529296875 0.015817901234600005 0.01513671875
1 0.497492283951 0.095947265625 0.017361111111100058 0.01513671875
1 0.387345679012 0.108154296875 0.020833333333300043 0.01904296875
1 0.44637345679 0.095703125 0.013888888888899942 0.0166015625
1 0.43904320987699996 0.080810546875 0.011574074074100039 0.01416015625
0 0.548418209877 0.17529296875 0.012731481481500077 0.041015625
0 0.569637345679 0.177734375 0.01504629629629998 0.046875
0 0.6032021604939999 0.18798828125 0.013503086419799928 0.0439453125
0 0.6163194444439999 0.187255859375 0.009645061728399974 0.04541015625
