0 0.7798996913580246 0.69775390625 0.04822530864197531 0.1787109375
0 0.5837191358024691 0.49267578125 0.0470679012345679 0.125
0 0.5347222222222222 0.47265625 0.04089506172839506 0.140625
0 0.3315972222222222 0.475830078125 0.03510802469135802 0.10986328125
0 0.7229938271604938 0.41845703125 0.04089506172839506 0.111328125
0 0.6491126543209876 0.397216796875 0.027391975308641972 0.12353515625
0 0.6165123456790124 0.405517578125 0.032407407407407406 0.10986328125
0 0.5324074074074073 0.323974609375 0.023919753086419752 0.09912109375
0 0.6165123456790124 0.297119140625 0.02546296296296296 0.08837890625
0 0.6691743827160493 0.2431640625 0.022762345679012343 0.0654296875
0 0.6456404320987654 0.23681640625 0.02044753086419753 0.0625
0 0.4583333333333333 0.24072265625 0.027777777777777776 0.0576171875
1 0.46238425925925924 0.63818359375 0.16165123456790123 0.2001953125
1 0.6724537037037037 0.630615234375 0.15432098765432098 0.24560546875
1 0.16473765432098764 0.713134765625 0.32098765432098764 0.57275390625
1 0.8275462962962963 0.205322265625 0.08101851851851852 0.05810546875
1 0.7035108024691358 0.170166015625 0.03433641975308642 0.03857421875
1 0.6533564814814814 0.176025390625 0.02970679012345679 0.03662109375
1 0.6076388888888888 0.169677734375 0.031635802469135804 0.03564453125
1 0.6066743827160493 0.1455078125 0.03047839506172839 0.0244140625
1 0.6433256172839505 0.1640625 0.02816358024691358 0.029296875
1 0.6319444444444444 0.1376953125 0.020061728395061727 0.0263671875
1 0.6165123456790124 0.122314453125 0.019290123456790122 0.02392578125
1 0.6469907407407407 0.131103515625 0.020833333333333332 0.02099609375
1 0.6228780864197531 0.10498046875 0.02199074074074074 0.015625
0 0.425733024691358 0.208251953125 0.01427469135802469 0.04931640625
0 0.4112654320987654 0.218505859375 0.016203703703703703 0.04541015625
0 0.4699074074074074 0.1591796875 0.014660493827160493 0.0341796875
0 0.4861111111111111 0.150634765625 0.010030864197530864 0.03466796875
1 0.5632716049382716 0.1103515625 0.03317901234567901 0.0458984375
1 0.5298996913580246 0.109375 0.02970679012345679 0.048828125
1 0.48418209876543206 0.103515625 0.019290123456790122 0.017578125
1 0.505787037037037 0.099365234375 0.021604938271604937 0.02197265625
