0 0.16640625 0.367592592593 0.0140625 0.05370370370370002
0 0.146875 0.3625 0.020833333333333332 0.08240740740740005
0 0.06666666666666667 0.40462962963000004 0.021875 0.08333333333329997
0 0.7065104166666667 0.265277777778 0.0140625 0.05833333333329999
1 0.3190104166666667 0.45092592592600006 0.1546875 0.13703703703700004
1 0.57109375 0.288425925926 0.04635416666666667 0.06574074074070001
1 0.6013020833333333 0.22685185185199996 0.034895833333333334 0.049999999999999975
1 0.6880208333333333 0.22361111111100002 0.028125 0.04351851851850002
1 0.6453125 0.207407407407 0.02395833333333333 0.035185185185199974
1 0.6299479166666666 0.194444444444 0.0203125 0.03333333333330002
1 0.65078125 0.186111111111 0.0359375 0.03148148148150001
1 0.5729166666666666 0.154166666667 0.015625 0.02870370370370002
1 0.5619791666666667 0.156018518519 0.015625 0.03240740740739999
1 0.55 0.159259259259 0.017708333333333333 0.024074074074100022
0 0.47942708333333334 0.17962962963 0.011979166666666666 0.0388888888889
