1 0.47781635802469136 0.574951171875 0.1454475308641975 0.20458984375
1 0.7309027777777778 0.824462890625 0.24112654320987653 0.31591796875
1 0.7862654320987654 0.311279296875 0.08410493827160494 0.10791015625
0 0.9131944444444444 0.296630859375 0.019290123456790122 0.07470703125
1 0.6523919753086419 0.24853515625 0.05246913580246913 0.0673828125
1 0.46219135802469136 0.33935546875 0.06327160493827161 0.080078125
1 0.5478395061728395 0.32373046875 0.07098765432098765 0.0751953125
1 0.4558256172839506 0.277587890625 0.059027777777777776 0.06494140625
0 0.3526234567901234 0.244140625 0.016975308641975308 0.0546875
0 0.27584876543209874 0.26904296875 0.015432098765432098 0.064453125
1 0.49363425925925924 0.23193359375 0.04205246913580247 0.04296875
1 0.5941358024691358 0.2060546875 0.03780864197530864 0.04296875
1 0.5713734567901234 0.16796875 0.023919753086419752 0.0263671875
1 0.538966049382716 0.1630859375 0.021604938271604937 0.0263671875
0 0.6120756172839505 0.181640625 0.009645061728395061 0.03515625
0 0.5979938271604938 0.175048828125 0.009259259259259259 0.02490234375
0 0.5883487654320987 0.173583984375 0.010802469135802469 0.02685546875
1 0.44868827160493824 0.2001953125 0.032407407407407406 0.037109375
1 0.48167438271604934 0.190673828125 0.02662037037037037 0.03466796875
1 0.47646604938271603 0.166748046875 0.023148148148148147 0.02978515625
1 0.4407793209876543 0.17431640625 0.024305555555555552 0.025390625
1 0.4498456790123457 0.153564453125 0.020833333333333332 0.02392578125
1 0.4712577160493827 0.14306640625 0.016589506172839504 0.017578125
1 0.4672067901234568 0.13037109375 0.014660493827160493 0.0166015625
1 0.44733796296296297 0.12109375 0.01273148148148148 0.0185546875
1 0.462770061728395 0.114501953125 0.013503086419753086 0.01416015625
