0 0.697337962963 0.915283203125 0.07368827160490002 0.15869140625
0 0.953510802469 0.511474609375 0.03587962962960015 0.12060546875
0 0.876350308642 0.414794921875 0.03587962962960015 0.11279296875
1 0.32716049382699997 0.63134765625 0.17206790123499996 0.25
1 0.7737268518519999 0.5771484375 0.378472222222 0.56640625
1 0.454282407407 0.281005859375 0.06520061728400009 0.07177734375
1 0.127507716049 0.55810546875 0.163966049383 0.1767578125
0 0.0125385802469 0.443603515625 0.0235339506173 0.11474609375
1 0.23688271604899996 0.265380859375 0.122685185185 0.16748046875
1 0.199652777778 0.19287109375 0.15702160493800002 0.08203125
0 0.6319444444439999 0.27978515625 0.024691358024699954 0.0625
0 0.681134259259 0.275390625 0.02121913580250001 0.0703125
0 0.650270061728 0.24658203125 0.013503086419799928 0.052734375
1 0.5457175925929999 0.216796875 0.08912037037040002 0.1181640625
1 0.458912037037 0.199462890625 0.03973765432099993 0.04541015625
1 0.4822530864199999 0.15625 0.026234567901200004 0.033203125
1 0.451774691358 0.143798828125 0.03009259259259996 0.02880859375
1 0.38483796296299994 0.178466796875 0.03433641975309997 0.04443359375
1 0.34606481481499995 0.175048828125 0.030864197530899987 0.03564453125
1 0.293016975309 0.179443359375 0.03587962962959998 0.03564453125
1 0.313078703704 0.1572265625 0.029706790123500033 0.0244140625
1 0.337191358025 0.14306640625 0.02469135802470004 0.0224609375
1 0.380787037037 0.134521484375 0.023148148148099987 0.02197265625
1 0.387924382716 0.117919921875 0.01890432098769998 0.01904296875
1 0.351273148148 0.12109375 0.021990740740700038 0.0244140625
1 0.365354938272 0.10888671875 0.01774691358019998 0.017578125
1 0.4072145061729999 0.09033203125 0.013503086419799928 0.015625
1 0.44251543209899996 0.11962890625 0.020061728395099974 0.021484375
1 0.47376543209899996 0.106201171875 0.030864197530899987 0.04638671875
1 0.5148533950619999 0.1044921875 0.019675925925899958 0.0185546875
1 0.430362654321 0.099365234375 0.01504629629629998 0.01611328125
1 0.446180555556 0.0908203125 0.011188271604900024 0.015625
0 0.51099537037 0.135498046875 0.009645061728399974 0.02978515625
