1 0.6792052469135802 0.64990234375 0.16242283950617284 0.1923828125
1 0.8483796296296295 0.40625 0.12114197530864197 0.126953125
1 0.5588348765432098 0.38037109375 0.08680555555555555 0.10546875
1 0.5071373456790124 0.26416015625 0.05439814814814815 0.0595703125
0 0.35416666666666663 0.310791015625 0.026234567901234566 0.06982421875
0 0.8618827160493827 0.255615234375 0.014660493827160493 0.03662109375
0 0.3125 0.271484375 0.018518518518518517 0.0576171875
1 0.5804398148148148 0.23583984375 0.03742283950617284 0.048828125
1 0.564236111111111 0.21875 0.03587962962962963 0.04296875
1 0.48032407407407407 0.192138671875 0.02854938271604938 0.03173828125
1 0.4760802469135802 0.158203125 0.021604938271604937 0.01953125
1 0.552662037037037 0.14990234375 0.02044753086419753 0.01953125
1 0.5111882716049383 0.147705078125 0.019290123456790122 0.02587890625
1 0.5206404320987654 0.13232421875 0.015046296296296295 0.015625
1 0.49556327160493824 0.127197265625 0.011959876543209876 0.01220703125
1 0.5106095679012346 0.12353515625 0.011959876543209876 0.015625
1 0.49016203703703703 0.119873046875 0.011959876543209876 0.01513671875
1 0.4714506172839506 0.1396484375 0.023919753086419752 0.0322265625
1 0.447145061728395 0.132568359375 0.013117283950617283 0.01904296875
1 0.44868827160493824 0.1181640625 0.013117283950617283 0.0146484375
1 0.4637345679012345 0.113525390625 0.010030864197530864 0.01416015625
1 0.4409722222222222 0.19140625 0.054783950617283944 0.099609375
