1 0.232421875 0.607638888889 0.17109375000000002 0.19027777777799995
1 0.4890625 0.592361111111 0.1546875 0.20138888888900006
1 0.271484375 0.454166666667 0.13984375000000002 0.141666666667
1 0.531640625 0.8375 0.23203125000000002 0.30277777777800013
1 0.73203125 0.5243055555560001 0.15625 0.17638888888900006
1 0.8226562500000001 0.6868055555559999 0.178125 0.23749999999999993
1 0.062890625 0.557638888889 0.11015625000000001 0.1652777777780001
1 0.491015625 0.39444444444400006 0.16171875000000002 0.2527777777779999
1 0.487890625 0.22777777777800004 0.13671875 0.09166666666669998
1 0.6828125 0.21944444444400002 0.1203125 0.08333333333330002
1 0.8621093750000001 0.264583333333 0.13046875 0.08750000000000001
1 0.7996093750000001 0.211111111111 0.09921875000000001 0.06111111111109998
0 0.371875 0.304861111111 0.025 0.09861111111109998
0 0.20468750000000002 0.22847222222200003 0.0203125 0.07361111111109998
0 0.11601562500000001 0.18819444444400002 0.01953125 0.051388888888900024
1 0.049218750000000006 0.22152777777800003 0.0859375 0.0680555555556
1 0.452734375 0.13333333333300001 0.08203125 0.11666666666700001
