1 0.48765432098765427 0.427734375 0.10493827160493827 0.111328125
1 0.43267746913580246 0.272216796875 0.06751543209876543 0.07177734375
1 0.5183256172839505 0.291259765625 0.06983024691358024 0.08544921875
0 0.3013117283950617 0.40869140625 0.038580246913580245 0.119140625
0 0.17959104938271603 0.35986328125 0.03356481481481481 0.091796875
0 0.8927469135802468 0.354248046875 0.024691358024691357 0.08642578125
0 0.8290895061728395 0.328857421875 0.02854938271604938 0.07861328125
0 0.8896604938271604 0.248779296875 0.018518518518518517 0.06298828125
0 0.7777777777777777 0.20263671875 0.016975308641975308 0.04296875
1 0.5410879629629629 0.231201171875 0.04359567901234568 0.05517578125
1 0.47453703703703703 0.21484375 0.046296296296296294 0.0517578125
0 0.4405864197530864 0.18017578125 0.013117283950617283 0.0458984375
0 0.37114197530864196 0.21826171875 0.016203703703703703 0.0478515625
0 0.37905092592592593 0.197509765625 0.015046296296296295 0.04248046875
1 0.5179398148148148 0.1689453125 0.03510802469135802 0.041015625
1 0.548611111111111 0.195068359375 0.04089506172839506 0.04248046875
1 0.554591049382716 0.162841796875 0.025848765432098762 0.03466796875
1 0.5337577160493827 0.142822265625 0.027391975308641972 0.02880859375
1 0.5540123456790124 0.13134765625 0.024691358024691357 0.0283203125
1 0.5626929012345678 0.123779296875 0.02044753086419753 0.02587890625
1 0.5727237654320987 0.097412109375 0.015046296296296295 0.01904296875
1 0.5478395061728395 0.097900390625 0.013888888888888888 0.01513671875
1 0.5217978395061728 0.114013671875 0.03356481481481481 0.05029296875
1 0.486304012345679 0.104248046875 0.017361111111111112 0.01806640625
1 0.6900077160493827 0.298095703125 0.06597222222222222 0.08349609375
1 0.7459490740740741 0.260009765625 0.05825617283950617 0.08935546875
1 0.6398533950617283 0.223876953125 0.04976851851851852 0.04931640625
1 0.6954089506172839 0.197021484375 0.057484567901234566 0.06884765625
1 0.6616512345679012 0.179443359375 0.033950617283950615 0.03955078125
1 0.6084104938271605 0.171630859375 0.03626543209876543 0.03955078125
1 0.6728395061728395 0.146728515625 0.02854938271604938 0.02783203125
1 0.8265817901234568 0.1845703125 0.03433641975308642 0.0341796875
1 0.646412037037037 0.158935546875 0.02662037037037037 0.02978515625
1 0.6304012345679012 0.14599609375 0.022376543209876542 0.02734375
1 0.5978009259259259 0.1435546875 0.022762345679012343 0.0244140625
1 0.6003086419753086 0.12451171875 0.024691358024691357 0.0244140625
1 0.6275077160493827 0.13134765625 0.024305555555555552 0.0205078125
1 0.4282407407407407 0.931640625 0.21527777777777776 0.1337890625
