0 0.7289737654320987 0.51220703125 0.03356481481481481 0.125
0 0.2349537037037037 0.385009765625 0.038580246913580245 0.10205078125
0 0.34278549382716045 0.251220703125 0.02662037037037037 0.07177734375
1 0.46739969135802467 0.480224609375 0.0952932098765432 0.13330078125
1 0.5869984567901234 0.435791015625 0.10763888888888888 0.12939453125
1 0.8813657407407407 0.509765625 0.14621913580246912 0.18359375
1 0.8312114197530863 0.382568359375 0.0952932098765432 0.10107421875
1 0.46952160493827155 0.323974609375 0.08179012345679013 0.08837890625
1 0.751736111111111 0.303466796875 0.06442901234567901 0.07080078125
1 0.706983024691358 0.250244140625 0.04976851851851852 0.05810546875
1 0.6346450617283951 0.24072265625 0.0470679012345679 0.052734375
1 0.5754243827160493 0.238525390625 0.05208333333333333 0.05712890625
1 0.5258487654320987 0.27734375 0.054783950617283944 0.0654296875
1 0.44521604938271603 0.2353515625 0.039351851851851846 0.0419921875
1 0.6221064814814814 0.18798828125 0.03433641975308642 0.0302734375
1 0.49903549382716045 0.219482421875 0.03973765432098765 0.04541015625
1 0.4932484567901234 0.191650390625 0.03433641975308642 0.02685546875
1 0.47627314814814814 0.15625 0.02970679012345679 0.0322265625
1 0.4417438271604938 0.196533203125 0.030864197530864196 0.03271484375
1 0.44907407407407407 0.147705078125 0.022376543209876542 0.01904296875
1 0.5896990740740741 0.196044921875 0.02970679012345679 0.02685546875
1 0.5268132716049383 0.133544921875 0.022762345679012343 0.02001953125
1 0.5 0.13232421875 0.016975308641975308 0.01953125
1 0.5570987654320987 0.164794921875 0.023919753086419752 0.02783203125
1 0.5590277777777778 0.212890625 0.032407407407407406 0.0361328125
1 0.46682098765432095 0.127197265625 0.016203703703703703 0.01806640625
