1 0.48186728395061723 0.714599609375 0.16203703703703703 0.24853515625
1 0.19849537037037035 0.680908203125 0.3908179012345679 0.63330078125
1 0.5117669753086419 0.325439453125 0.08063271604938271 0.09912109375
0 0.1280864197530864 0.42236328125 0.034722222222222224 0.1279296875
0 0.19945987654320987 0.3984375 0.024691358024691357 0.0693359375
1 0.9417438271604938 0.736083984375 0.11651234567901234 0.31298828125
0 0.9859182098765431 0.454833984375 0.02816358024691358 0.15087890625
1 0.8802083333333333 0.427978515625 0.1284722222222222 0.14794921875
1 0.7214506172839505 0.344970703125 0.07175925925925926 0.09326171875
1 0.8013117283950617 0.3291015625 0.08179012345679013 0.08203125
1 0.6657021604938271 0.27587890625 0.06905864197530864 0.080078125
1 0.7303240740740741 0.263427734375 0.07407407407407407 0.08642578125
1 0.6998456790123456 0.2138671875 0.05246913580246913 0.05078125
1 0.632716049382716 0.21875 0.045524691358024685 0.052734375
1 0.6298225308641975 0.189697265625 0.0474537037037037 0.03466796875
1 0.8520447530864197 0.224609375 0.0783179012345679 0.04296875
1 0.8260030864197531 0.184326171875 0.03009259259259259 0.03271484375
1 0.7638888888888888 0.1953125 0.05632716049382716 0.0390625
0 0.3211805555555555 0.278076171875 0.02044753086419753 0.07275390625
0 0.43229166666666663 0.236328125 0.018132716049382713 0.0537109375
0 0.4523533950617284 0.20703125 0.019675925925925923 0.0498046875
0 0.4236111111111111 0.197998046875 0.016203703703703703 0.04541015625
0 0.35185185185185186 0.251708984375 0.023148148148148147 0.06591796875
1 0.5339506172839505 0.23681640625 0.048611111111111105 0.0634765625
1 0.5264274691358024 0.19384765625 0.04282407407407407 0.041015625
1 0.5459104938271605 0.144775390625 0.02546296296296296 0.02392578125
1 0.49363425925925924 0.15185546875 0.05825617283950617 0.0751953125
1 0.5491898148148148 0.1162109375 0.022762345679012343 0.0185546875
1 0.486304012345679 0.105712890625 0.02044753086419753 0.01708984375
1 0.6433256172839505 0.14111328125 0.04591049382716049 0.068359375
1 0.6792052469135802 0.1376953125 0.04205246913580247 0.0576171875
1 0.7100694444444444 0.1767578125 0.03587962962962963 0.033203125
1 0.6155478395061728 0.1337890625 0.019675925925925923 0.0244140625
1 0.6101466049382716 0.11865234375 0.019675925925925923 0.021484375
1 0.6001157407407407 0.102783203125 0.01890432098765432 0.01318359375
1 0.6211419753086419 0.0986328125 0.016203703703703703 0.0146484375
1 0.6001157407407407 0.093994140625 0.013503086419753086 0.01416015625
1 0.5096450617283951 0.095947265625 0.018518518518518517 0.01708984375
1 0.5596064814814814 0.09765625 0.016589506172839504 0.0185546875
1 0.548611111111111 0.09130859375 0.016975308641975308 0.0205078125
1 0.5717592592592592 0.08349609375 0.011574074074074073 0.01171875
