0 0.7940104166666666 0.905555555556 0.0515625 0.1814814814810001
0 0.94375 0.778240740741 0.04375 0.17314814814799995
1 0.5638020833333334 0.843055555556 0.19427083333333334 0.312037037037
1 0.5080729166666667 0.550462962963 0.12343749999999999 0.20833333333300008
1 0.3234375 0.554166666667 0.18541666666666667 0.19722222222199995
1 0.0453125 0.527314814815 0.08645833333333333 0.10833333333300006
1 0.039322916666666666 0.40879629629600006 0.0765625 0.075
1 0.31666666666666665 0.35000000000000003 0.09375 0.08518518518520003
1 0.68828125 0.43981481481500007 0.07239583333333333 0.12592592592599994
1 0.575 0.411574074074 0.08229166666666667 0.11944444444400001
1 0.5075520833333333 0.351851851852 0.059895833333333336 0.09259259259259997
1 0.6864583333333333 0.337037037037 0.04791666666666666 0.0777777777778
1 0.6171875 0.331018518519 0.05 0.07129629629629998
1 0.5330729166666667 0.316666666667 0.0484375 0.06666666666670004
1 0.5453125 0.273611111111 0.05 0.06018518518520003
1 0.5682291666666667 0.260648148148 0.034375 0.05277777777779999
1 0.6216145833333333 0.276388888889 0.044270833333333336 0.056481481481500014
1 0.5817708333333333 0.24537037037 0.027083333333333334 0.04814814814810002
1 0.6408854166666667 0.250925925926 0.0296875 0.046296296296299985
1 0.6817708333333333 0.247685185185 0.0375 0.0490740740741
1 0.5921875 0.22962962963000003 0.030208333333333334 0.04259259259259999
1 0.6263020833333334 0.21388888888900004 0.030729166666666665 0.03333333333330002
1 0.6596354166666667 0.226388888889 0.0265625 0.03611111111109998
1 0.5421875 0.168518518519 0.021875 0.02592592592589998
0 0.4614583333333333 0.183333333333 0.008333333333333333 0.03148148148150001
0 0.41640625 0.199537037037 0.005729166666666666 0.03240740740739999
