1 0.31328125 0.7000000000000001 0.1421875 0.3222222222219999
1 0.533072916667 0.821759259259 0.19114583333299998 0.33796296296299994
1 0.8585937499999999 0.8458333333330001 0.25572916666700013 0.2935185185189999
1 0.71171875 0.5708333333330001 0.1880208333330001 0.24166666666699996
1 0.56875 0.4203703703700001 0.10208333333300003 0.137037037037
1 0.42890625 0.44351851851900004 0.09114583333329994 0.15185185185200006
1 0.32421875 0.47824074074100004 0.0765625 0.13240740740700002
1 0.33125 0.394444444444 0.0625 0.08148148148150001
1 0.454427083333 0.368055555556 0.10052083333299996 0.11018518518500003
1 0.496614583333 0.344907407407 0.0640625 0.08240740740740005
1 0.46640624999999997 0.30462962963 0.04635416666670006 0.05555555555559998
1 0.323697916667 0.341203703704 0.04947916666669994 0.075
1 0.32057291666699994 0.3027777777780001 0.04427083333330006 0.06296296296300002
1 0.40078125 0.325925925926 0.04947916666669994 0.0907407407407
1 0.376822916667 0.297222222222 0.0421875 0.07037037037040006
1 0.378385416667 0.262037037037 0.0359375 0.040740740740700006
1 0.44375 0.27546296296300005 0.040625 0.05277777777779999
1 0.42864583333299994 0.250925925926 0.0375 0.04259259259259999
1 0.411979166667 0.233333333333 0.02916666666670006 0.04814814814809999
1 0.3984375 0.220833333333 0.028125 0.037962962963000016
1 0.365104166667 0.241203703704 0.030208333333300055 0.04166666666670001
1 0.366145833333 0.216666666667 0.020833333333300057 0.029629629629599998
1 0.381770833333 0.199537037037 0.020833333333300057 0.02870370370370002
1 0.629947916667 0.32268518518500006 0.07864583333329994 0.08611111111109995
1 0.651302083333 0.264814814815 0.0640625 0.06666666666670001
1 0.44296874999999997 0.156481481481 0.0171875 0.024074074074100022
1 0.4265625 0.15509259259300004 0.015625 0.019444444444400022
0 0.279947916667 0.3416666666670001 0.016145833333300056 0.07407407407409997
1 0.331770833333 0.215277777778 0.026041666666699943 0.025
0 0.52265625 0.17962962963 0.006770833333330018 0.029629629629599998
0 0.506510416667 0.177314814815 0.008854166666669983 0.03240740740739999
0 0.4890625 0.163888888889 0.00625 0.02592592592589998
0 0.75078125 0.26712962963 0.0140625 0.05462962962960005
0 0.143489583333 0.563425925926 0.030729166666700003 0.1472222222219999
0 0.11796875 0.571296296296 0.0265625 0.13888888888900006
0 0.0765625 0.5861111111110001 0.03125 0.15370370370399994
1 0.959375 0.403240740741 0.08020833333329994 0.0842592592593
0 0.955729166667 0.3578703703700001 0.014583333333299938 0.06574074074070001
0 0.97890625 0.349074074074 0.015104166666700062 0.05370370370370002
