1 0.54765625 0.45 0.08697916666666666 0.131481481481
1 0.49140625 0.371296296296 0.06927083333333334 0.10370370370400003
1 0.3651041666666667 0.45972222222200004 0.134375 0.16203703703699998
1 0.5625 0.29583333333300005 0.051041666666666666 0.06944444444440002
1 0.6388020833333333 0.30462962963 0.04635416666666667 0.07222222222220001
1 0.6890625 0.225462962963 0.025 0.03981481481480003
1 0.6354166666666666 0.19675925925900004 0.01875 0.03240740740739999
1 0.6692708333333334 0.20046296296300004 0.016666666666666666 0.02870370370370002
1 0.6484375 0.239814814815 0.030208333333333334 0.046296296296299985
0 0.6546875 0.5324074074070001 0.028125 0.137037037037
0 0.21432291666666667 0.29212962963 0.0140625 0.05462962962960005
0 0.33671875 0.23425925925900004 0.0140625 0.046296296296300006
1 0.1375 0.49444444444400004 0.140625 0.14629629629600002
1 0.57265625 0.156018518519 0.013020833333333334 0.017592592592600015
1 0.56015625 0.15509259259300004 0.0109375 0.02314814814809999
1 0.55078125 0.165740740741 0.0140625 0.020370370370400005
