1 0.291666666667 0.8370370370370002 0.175 0.3037037037039999
1 0.31666666666699994 0.631481481481 0.11354166666700002 0.21666666666699994
1 0.478385416667 0.671296296296 0.16614583333300004 0.2648148148150001
1 0.8950520833329999 0.883796296296 0.2026041666669999 0.230555555556
1 0.754947916667 0.675 0.1984375 0.257407407407
1 0.611979166667 0.5157407407410001 0.13125 0.16666666666699995
1 0.878645833333 0.513888888889 0.13958333333300008 0.15370370370399997
1 0.686458333333 0.421296296296 0.1333333333330001 0.13148148148099995
1 0.53671875 0.418055555556 0.0953125 0.125
1 0.441927083333 0.4481481481480001 0.0890625 0.15370370370399997
1 0.33828125 0.405092592593 0.06614583333329993 0.11018518518500003
1 0.309114583333 0.348148148148 0.04427083333330006 0.08888888888889994
1 0.378125 0.33796296296300005 0.05 0.08518518518520003
1 0.46901041666699994 0.368055555556 0.11302083333299996 0.08240740740740005
1 0.906510416667 0.44351851851900004 0.1671875 0.14074074074099996
0 0.575260416667 0.37037037037000003 0.0203125 0.07962962962960006
1 0.543489583333 0.24722222222200002 0.0421875 0.06296296296300002
1 0.48359375 0.310185185185 0.0515625 0.05
1 0.45468749999999997 0.293055555556 0.04375 0.06018518518520003
1 0.42864583333299994 0.27222222222200004 0.03645833333330006 0.05555555555559998
1 0.365104166667 0.29212962963 0.039583333333299935 0.058333333333299965
1 0.41692708333299994 0.249537037037 0.030729166666699944 0.04351851851849999
1 0.408854166667 0.226388888889 0.03229166666669994 0.04166666666670001
1 0.329166666667 0.23935185185200003 0.030208333333300055 0.0490740740741
1 0.365104166667 0.251851851852 0.039583333333299935 0.05370370370370002
1 0.346875 0.196296296296 0.025 0.02777777777779999
1 0.362239583333 0.1875 0.024479166666699942 0.02314814814809999
1 0.39609375 0.215277777778 0.028645833333300057 0.037962962963000016
1 0.444010416667 0.158333333333 0.0203125 0.03148148148150001
1 0.428385416667 0.154166666667 0.0140625 0.019444444444400022
0 0.294010416667 0.293981481481 0.015104166666699944 0.05462962962960005
0 0.664583333333 0.23518518518500003 0.008333333333330018 0.046296296296300006
0 0.63046875 0.212962962963 0.008854166666669983 0.035185185185199974
0 0.615885416667 0.2125 0.0078125 0.0342592592593
0 0.57421875 0.20462962963 0.008854166666669983 0.03333333333330002
0 0.5291666666669999 0.18055555555600003 0.008333333333329957 0.02777777777779999
