1 0.525462962963 0.591796875 0.14197530864200003 0.2255859375
1 0.32716049382699997 0.621337890625 0.16049382716000005 0.19384765625
1 0.492283950617 0.8642578125 0.182098765432 0.2578125
1 0.200617283951 0.943603515625 0.244598765432 0.11181640625
0 0.9305555555559999 0.477294921875 0.03626543209880017 0.14013671875
1 0.5725308641979999 0.336181640625 0.14197530864200003 0.07470703125
1 0.8908179012349999 0.329345703125 0.166666666667 0.08837890625
1 0.567708333333 0.297119140625 0.125385802469 0.05810546875
1 0.31269290123499993 0.28515625 0.06365740740740003 0.0732421875
1 0.255401234568 0.274169921875 0.055555555555600024 0.06396484375
1 0.44656635802499994 0.2607421875 0.0675154320988 0.0751953125
1 0.38425925925899995 0.220703125 0.04166666666669996 0.0439453125
0 0.720100308642 0.269287109375 0.022762345679000064 0.06884765625
1 0.711805555556 0.22998046875 0.10185185185200009 0.056640625
1 0.555555555556 0.19287109375 0.03163580246910001 0.03515625
0 0.619020061728 0.266357421875 0.018132716049400085 0.05810546875
1 0.423032407407 0.181396484375 0.030478395061699973 0.03271484375
1 0.495563271605 0.141845703125 0.017361111111100058 0.01806640625
1 0.531057098765 0.16357421875 0.021990740740700038 0.0263671875
0 0.57349537037 0.16650390625 0.0104166666667 0.02734375
1 0.546296296296 0.131591796875 0.013888888888899942 0.01806640625
1 0.469328703704 0.128662109375 0.030478395061699973 0.04052734375
1 0.516203703704 0.112548828125 0.010802469135800012 0.01318359375
1 0.49980709876499996 0.129638671875 0.013503086419799928 0.01513671875
1 0.538773148148 0.12451171875 0.012731481481500077 0.013671875
1 0.505015432099 0.1171875 0.012345679012300064 0.0185546875
1 0.49652777777799995 0.123291015625 0.010802469135800012 0.01416015625
