1 0.758072916667 0.6847222222220001 0.1984375 0.2712962962960001
1 0.903125 0.8791666666669999 0.19270833333300008 0.21388888888899996
1 0.4768229166669999 0.674074074074 0.17343749999999994 0.27037037037000006
1 0.6111979166669999 0.513888888889 0.1255208333330001 0.181481481481
1 0.319270833333 0.638425925926 0.121875 0.2027777777780001
1 0.291145833333 0.839351851852 0.190625 0.31944444444400005
1 0.5375 0.41666666666700003 0.1 0.12592592592599994
1 0.44140625 0.447222222222 0.0984375 0.14814814814800004
1 0.338802083333 0.418518518519 0.06927083333329993 0.12592592592600005
1 0.40078125 0.367592592593 0.0671875 0.09629629629629999
1 0.493489583333 0.347685185185 0.06614583333330006 0.07685185185189997
1 0.311979166667 0.350925925926 0.05208333333330006 0.07222222222220001
1 0.380729166667 0.323611111111 0.048958333333299936 0.06018518518520003
1 0.314322916667 0.293055555556 0.0421875 0.056481481481500014
1 0.467447916667 0.306944444444 0.05572916666669994 0.06759259259259996
1 0.45234375 0.268981481481 0.04427083333330006 0.06203703703699998
1 0.37526041666699994 0.282407407407 0.050520833333300055 0.07407407407409997
1 0.604166666667 0.2717592592590001 0.06145833333329994 0.075
1 0.940885416667 0.584722222222 0.1171875 0.1657407407409999
0 0.72734375 0.462037037037 0.0328125 0.131481481481
0 0.353645833333 0.48564814814800006 0.03125 0.11388888888900005
0 0.8585937499999999 0.35462962963 0.019270833333299937 0.07962962962960006
1 0.9609375 0.411574074074 0.07708333333329993 0.0842592592593
1 0.428385416667 0.260648148148 0.0296875 0.054629629629600024
1 0.3578125 0.248611111111 0.03229166666669994 0.04351851851849999
1 0.414583333333 0.23935185185200003 0.028125 0.0398148148148
1 0.419270833333 0.178240740741 0.025 0.030555555555600033
1 0.44427083333299994 0.16712962963000003 0.019791666666699945 0.03240740740739999
0 0.903385416667 0.336111111111 0.013020833333299937 0.07592592592590003
0 0.9302083333329999 0.347222222222 0.014583333333299938 0.07407407407409997
1 0.367708333333 0.2125 0.034375 0.037962962963000016
