1 0.62193627451 0.43994140625 0.141748366013 0.154296875
1 0.435049019608 0.326171875 0.08660130718949999 0.08203125
1 0.546772875817 0.278076171875 0.06495098039219996 0.06591796875
1 0.394199346405 0.26123046875 0.0588235294118 0.056640625
1 0.40318627451 0.217041015625 0.04820261437910001 0.04150390625
1 0.49816176470600004 0.19189453125 0.037173202614400075 0.0400390625
1 0.382761437908 0.176025390625 0.035947712418300005 0.04736328125
1 0.483047385621 0.9091796875 0.3435457516339999 0.1806640625
1 0.487745098039 0.152099609375 0.028594771241799974 0.03076171875
1 0.4491421568630001 0.157470703125 0.03063725490199998 0.03076171875
1 0.47589869281 0.1318359375 0.018790849673200015 0.01953125
