1 0.305208333333 0.86712962963 0.15625 0.2546296296300001
1 0.574739583333 0.749074074074 0.19010416666699997 0.31666666666699994
1 0.5296875 0.9416666666669999 0.18854166666699998 0.11481481481499999
1 0.881770833333 0.854166666667 0.2354166666669999 0.267592592593
1 0.896614583333 0.586574074074 0.20572916666699992 0.16759259259299997
1 0.673177083333 0.422222222222 0.1713541666669999 0.144444444444
1 0.324739583333 0.4666666666670001 0.07135416666669994 0.14814814814799998
1 0.511197916667 0.355555555556 0.08697916666669994 0.09629629629629999
1 0.37578125 0.30740740740700007 0.047395833333299935 0.0777777777778
1 0.44947916666699994 0.289351851852 0.058333333333300055 0.08611111111109995
0 0.151041666667 0.546296296296 0.030208333333299996 0.13518518518499992
0 0.89609375 0.382407407407 0.027604166666700063 0.09259259259259997
1 0.96171875 0.406018518519 0.07552083333329994 0.08055555555559998
1 0.701302083333 0.35000000000000003 0.09322916666670006 0.10740740740700003
1 0.601302083333 0.277314814815 0.0609375 0.06018518518520003
0 0.694270833333 0.278703703704 0.01875 0.05370370370370002
1 0.33229166666699994 0.26712962963 0.035416666666699945 0.06203703703699998
0 0.286458333333 0.280555555556 0.011458333333300055 0.05555555555559998
1 0.4296875 0.25555555555600007 0.030208333333300055 0.04814814814810002
1 0.41015625 0.23842592592600004 0.031770833333299935 0.05277777777779999
1 0.398177083333 0.221759259259 0.027604166666699945 0.04351851851849999
1 0.390104166667 0.208796296296 0.022916666666699944 0.0342592592593
1 0.381770833333 0.20416666666700004 0.026041666666699943 0.041666666666699985
1 0.341666666667 0.200925925926 0.025 0.03333333333330002
1 0.44375 0.15972222222200003 0.01875 0.02870370370370002
1 0.42734374999999997 0.155555555556 0.018229166666699943 0.018518518518499994
0 0.517708333333 0.18888888888900002 0.008333333333330018 0.03148148148150001
0 0.522395833333 0.181481481481 0.008333333333330018 0.029629629629599998
0 0.50390625 0.171759259259 0.008854166666669983 0.02870370370370002
0 0.498177083333 0.189814814815 0.0109375 0.03703703703699999
