1 0.4776234567901234 0.578125 0.1388888888888889 0.1923828125
1 0.26369598765432095 0.580322265625 0.18094135802469136 0.19970703125
0 0.13020833333333331 0.40478515625 0.04205246913580247 0.111328125
1 0.4079861111111111 0.323486328125 0.08371913580246913 0.08935546875
1 0.5109953703703703 0.34130859375 0.08603395061728394 0.0908203125
1 0.552662037037037 0.2568359375 0.05825617283950617 0.076171875
1 0.4845679012345679 0.214599609375 0.04398148148148148 0.05712890625
1 0.5540123456790124 0.19287109375 0.042438271604938266 0.0419921875
1 0.4760802469135802 0.177001953125 0.035493827160493825 0.04052734375
1 0.5225694444444444 0.158203125 0.02970679012345679 0.03515625
1 0.552662037037037 0.14501953125 0.028935185185185182 0.03125
1 0.5104166666666666 0.130126953125 0.04089506172839506 0.06494140625
0 0.40316358024691357 0.228759765625 0.020833333333333332 0.05712890625
0 0.3813657407407407 0.1962890625 0.01273148148148148 0.048828125
0 0.7854938271604938 0.25439453125 0.022376543209876542 0.05859375
0 0.7544367283950617 0.21923828125 0.018132716049382713 0.0478515625
1 0.8271604938271604 0.185791015625 0.03317901234567901 0.03759765625
1 0.6317515432098765 0.210693359375 0.04128086419753086 0.04931640625
1 0.6884645061728395 0.199951171875 0.03973765432098765 0.05322265625
1 0.6128472222222222 0.17919921875 0.03742283950617284 0.0390625
1 0.6020447530864197 0.1552734375 0.02662037037037037 0.03515625
1 0.6610725308641975 0.16796875 0.04128086419753086 0.0537109375
1 0.6377314814814814 0.1591796875 0.017746913580246913 0.0302734375
1 0.6500771604938271 0.13134765625 0.024691358024691357 0.0224609375
1 0.6228780864197531 0.13818359375 0.02199074074074074 0.0234375
1 0.59375 0.136962890625 0.020833333333333332 0.02197265625
1 0.5679012345679012 0.115966796875 0.020833333333333332 0.02392578125
1 0.609375 0.1171875 0.02044753086419753 0.0224609375
0 0.4731867283950617 0.149169921875 0.01273148148148148 0.03271484375
1 0.5447530864197531 0.11279296875 0.019290123456790122 0.0224609375
1 0.4853395061728395 0.103515625 0.018518518518518517 0.021484375
1 0.5675154320987654 0.087890625 0.012345679012345678 0.013671875
1 0.5470679012345678 0.089111328125 0.013117283950617283 0.01318359375
