1 0.516589506173 0.5244140625 0.12654320987700005 0.216796875
1 0.43325617284 0.37646484375 0.0833333333333 0.09765625
1 0.514081790123 0.30712890625 0.06365740740740003 0.068359375
1 0.36265432098799993 0.58251953125 0.15663580246899997 0.1865234375
1 0.19270833333299997 0.8857421875 0.2797067901229999 0.2275390625
1 0.147569444444 0.325439453125 0.17939814814799998 0.19677734375
0 0.614776234568 0.21240234375 0.014274691357999953 0.0439453125
0 0.5626929012349999 0.160400390625 0.0104166666667 0.02783203125
0 0.406828703704 0.16748046875 0.009645061728399974 0.0283203125
1 0.37847222222199994 0.224609375 0.04475308641980001 0.044921875
1 0.490933641975 0.238525390625 0.042824074074100035 0.04736328125
1 0.52662037037 0.211669921875 0.03626543209879999 0.05029296875
1 0.519675925926 0.180908203125 0.02854938271600008 0.03173828125
1 0.44444444444399994 0.170654296875 0.024691358024699954 0.02685546875
1 0.470486111111 0.1455078125 0.020447530864199984 0.0224609375
1 0.495563271605 0.140869140625 0.018904320987699934 0.02197265625
1 0.481867283951 0.12939453125 0.014660493827199968 0.01953125
1 0.554591049383 0.137451171875 0.019675925925899958 0.02001953125
1 0.507137345679 0.125732421875 0.014274691357999953 0.01220703125
1 0.513117283951 0.1181640625 0.012345679012300064 0.0126953125
1 0.502314814815 0.115234375 0.010802469135800012 0.0107421875
1 0.518904320988 0.109619140625 0.010802469135800012 0.01318359375
1 0.525848765432 0.10205078125 0.007716049382720084 0.01171875
1 0.544367283951 0.117919921875 0.010802469135800012 0.01318359375
0 0.567901234568 0.12841796875 0.005401234567900006 0.0185546875
