0 0.140625 0.520833333333 0.027083333333299996 0.12129629629600003
0 0.348177083333 0.5314814814810002 0.0296875 0.13888888888900006
0 0.70390625 0.24537037037 0.0140625 0.04259259259259999
0 0.6033854166669999 0.20833333333300003 0.013020833333299937 0.040740740740700006
1 0.484375 0.6333333333330001 0.12604166666699998 0.2277777777780001
1 0.730208333333 0.800462962963 0.23333333333300008 0.34537037036999996
1 0.5526041666669999 0.37777777777800003 0.09583333333329999 0.13333333333299996
1 0.392447916667 0.32962962963 0.05989583333330006 0.09444444444440002
1 0.454947916667 0.293055555556 0.056770833333299936 0.08981481481479997
1 0.358854166667 0.236111111111 0.029166666666699943 0.04259259259259999
1 0.3125 0.225462962963 0.026041666666699943 0.03981481481480003
1 0.6328125 0.32962962963 0.071875 0.07962962962960006
1 0.92265625 0.454166666667 0.1369791666669999 0.11574074074100002
1 0.604166666667 0.262962962963 0.059375 0.04259259259259996
1 0.351041666667 0.191666666667 0.030208333333300055 0.03148148148150001
1 0.374479166667 0.174537037037 0.026041666666699943 0.02314814814809999
1 0.427864583333 0.15509259259300004 0.015104166666699944 0.02314814814809999
1 0.44140625 0.15138888888900004 0.0140625 0.02314814814809999
1 0.44921875 0.16342592592600003 0.011979166666699943 0.02870370370370002
0 0.53046875 0.185648148148 0.009895833333329959 0.030555555555599977
