1 0.32773919753099995 0.625244140625 0.16628086419799998 0.18896484375
1 0.13908179012299998 0.545166015625 0.22800925925899998 0.17529296875
1 0.708719135802 0.298095703125 0.13734567901200004 0.09619140625
1 0.904706790123 0.320068359375 0.08101851851849992 0.11572265625
1 0.278935185185 0.357666015625 0.287808641975 0.19677734375
1 0.6851851851849999 0.228759765625 0.08101851851850009 0.05029296875
1 0.537422839506 0.170166015625 0.026234567901200004 0.03857421875
1 0.424575617284 0.238525390625 0.047453703703700015 0.05126953125
1 0.365354938272 0.23828125 0.04783950617280003 0.0400390625
1 0.355324074074 0.208984375 0.03626543209879999 0.0322265625
1 0.3854166666669999 0.222412109375 0.032407407407399995 0.04248046875
1 0.43634259259299996 0.21484375 0.035493827160499966 0.0283203125
1 0.40007716049399994 0.202392578125 0.03163580246910001 0.02587890625
1 0.453703703704 0.205322265625 0.032407407407400037 0.04345703125
1 0.41338734567899993 0.188720703125 0.02584876543209999 0.02490234375
1 0.4419367283949999 0.17333984375 0.02430555555559994 0.0234375
1 0.4731867283949999 0.1728515625 0.02584876543209999 0.037109375
1 0.484567901235 0.133056640625 0.013888888888899942 0.01708984375
1 0.497492283951 0.1162109375 0.011188271604900024 0.0146484375
1 0.5381944444439999 0.11474609375 0.012345679012300064 0.013671875
1 0.518904320988 0.108642578125 0.009259259259259961 0.01025390625
1 0.509645061728 0.108154296875 0.006944444444440058 0.01025390625
1 0.467399691358 0.15234375 0.018904320987699934 0.021484375
