1 0.4768518518518518 0.60693359375 0.14583333333333331 0.1865234375
1 0.7569444444444444 0.892578125 0.26080246913580246 0.2138671875
0 0.845679012345679 0.760986328125 0.05401234567901234 0.15576171875
1 0.8653549382716049 0.423095703125 0.10570987654320987 0.12939453125
1 0.7617669753086419 0.32080078125 0.08217592592592592 0.0869140625
1 0.46952160493827155 0.409423828125 0.09645061728395062 0.09912109375
0 0.2361111111111111 0.38720703125 0.03626543209876543 0.091796875
1 0.16801697530864196 0.3330078125 0.1554783950617284 0.0869140625
1 0.17689043209876543 0.289306640625 0.13541666666666666 0.06787109375
0 0.33989197530864196 0.257568359375 0.023919753086419752 0.06689453125
1 0.568287037037037 0.333251953125 0.08796296296296297 0.12353515625
1 0.45987654320987653 0.283447265625 0.05401234567901234 0.06103515625
1 0.70679012345679 0.251953125 0.05709876543209876 0.0634765625
1 0.5339506172839505 0.26806640625 0.06018518518518518 0.0556640625
1 0.4932484567901234 0.24560546875 0.04436728395061728 0.0478515625
1 0.4409722222222222 0.210693359375 0.046296296296296294 0.03662109375
1 0.48263888888888884 0.1923828125 0.02700617283950617 0.0283203125
1 0.45543981481481477 0.17578125 0.02507716049382716 0.0263671875
1 0.4776234567901234 0.15283203125 0.021604938271604937 0.0234375
1 0.439429012345679 0.151123046875 0.020061728395061727 0.02197265625
1 0.578125 0.2353515625 0.04128086419753086 0.05078125
1 0.611111111111111 0.2197265625 0.040123456790123455 0.046875
1 0.5584490740740741 0.2177734375 0.03587962962962963 0.04296875
1 0.6375385802469136 0.182373046875 0.06442901234567901 0.07373046875
1 0.32368827160493824 0.228271484375 0.08101851851851852 0.04345703125
1 0.4535108024691358 0.140869140625 0.015046296296296295 0.01611328125
1 0.4679783950617284 0.117919921875 0.014660493827160493 0.01416015625
1 0.4697145061728395 0.130126953125 0.017361111111111112 0.01220703125
1 0.5962577160493827 0.180419921875 0.02044753086419753 0.02490234375
