1 0.36328125 0.8685185185190001 0.1765625 0.26111111111099994
1 0.87265625 0.859259259259 0.2494791666669999 0.27037037037000006
1 0.401041666667 0.636111111111 0.15729166666700004 0.2407407407409999
1 0.633854166667 0.533333333333 0.14583333333300008 0.19629629629600004
1 0.480989583333 0.414351851852 0.11510416666700003 0.12129629629599997
1 0.58046875 0.38194444444400005 0.11822916666699997 0.125
1 0.47734375 0.324074074074 0.06822916666669994 0.08333333333329997
1 0.375520833333 0.331481481481 0.05208333333330006 0.09444444444440002
1 0.43046875 0.264351851852 0.04635416666670006 0.07129629629629998
1 0.961197916667 0.407407407407 0.0765625 0.08333333333329997
1 0.97890625 0.553703703704 0.041145833333299936 0.11111111111099996
1 0.558072916667 0.25462962963 0.04947916666670006 0.051851851851899985
1 0.507552083333 0.201388888889 0.04427083333330006 0.0453703703704
1 0.328645833333 0.294907407407 0.040625 0.06018518518520003
1 0.364322916667 0.240277777778 0.027604166666699945 0.04166666666670001
1 0.415364583333 0.23564814814800006 0.028645833333300057 0.04351851851850002
1 0.39479166666699994 0.221759259259 0.030208333333300055 0.04537037037040003
1 0.328645833333 0.214351851852 0.028125 0.0342592592593
1 0.423958333333 0.181944444444 0.019791666666699945 0.025
1 0.444010416667 0.168981481481 0.0296875 0.02314814814809999
1 0.427083333333 0.15509259259300004 0.014583333333300056 0.02314814814809999
1 0.44140625 0.151851851852 0.013020833333300057 0.02592592592589998
0 0.523697916667 0.180092592593 0.008854166666669983 0.036111111111100005
0 0.574739583333 0.193055555556 0.009895833333330018 0.036111111111100005
0 0.5294270833329999 0.175925925926 0.009895833333329959 0.03148148148150001
1 0.35234375 0.19861111111100002 0.0234375 0.02870370370370002
1 0.387239583333 0.196296296296 0.0234375 0.02222222222220001
