0 0.5612745098039216 0.366455078125 0.03431372549019608 0.08447265625
0 0.24325980392156862 0.384765625 0.03227124183006536 0.0927734375
0 0.10355392156862746 0.48291015625 0.03227124183006536 0.111328125
0 0.41748366013071897 0.163330078125 0.008986928104575164 0.02294921875
1 0.15461601307189543 0.26123046875 0.05106209150326797 0.0517578125
1 0.20036764705882354 0.181640625 0.0559640522875817 0.0283203125
1 0.8727532679738562 0.242431640625 0.044526143790849675 0.05322265625
1 0.6409313725490197 0.179931640625 0.02777777777777778 0.03076171875
1 0.4470996732026144 0.138671875 0.030637254901960786 0.037109375
1 0.3737745098039216 0.124755859375 0.016339869281045753 0.01513671875
