1 0.578645833333 0.755092592593 0.18020833333300001 0.3157407407410001
1 0.88125 0.8569444444440001 0.234375 0.2842592592589999
1 0.291666666667 0.8412037037040001 0.14895833333299996 0.3157407407409999
1 0.918229166667 0.503240740741 0.1520833333330001 0.14537037037000006
1 0.618489583333 0.50787037037 0.1682291666669999 0.15462962962999996
1 0.6453125 0.405092592593 0.1333333333330001 0.11388888888900005
1 0.9609375 0.401851851852 0.07708333333329993 0.0685185185185
0 0.16354166666699999 0.60462962963 0.0333333333333 0.15370370370399994
1 0.348697916667 0.34537037037 0.0515625 0.08888888888889994
1 0.489322916667 0.333796296296 0.0765625 0.106481481481
1 0.45625 0.287037037037 0.044791666666700064 0.06666666666670004
1 0.42604166666699994 0.262962962963 0.0375 0.05740740740740002
1 0.408333333333 0.235185185185 0.03125 0.04814814814809999
1 0.34921875 0.22685185185199996 0.030729166666699944 0.04074074074069998
1 0.398958333333 0.22037037037 0.027083333333300055 0.04074074074069998
1 0.373697916667 0.193981481481 0.021354166666699943 0.02870370370370002
1 0.33619791666699994 0.198148148148 0.024479166666699942 0.03518518518520003
1 0.531510416667 0.238888888889 0.041145833333299936 0.061111111111100035
1 0.484375 0.213425925926 0.03541666666670006 0.03981481481480003
1 0.48463541666699994 0.189814814815 0.0296875 0.03148148148150001
1 0.44427083333299994 0.158333333333 0.019791666666699945 0.029629629629599998
1 0.427864583333 0.154166666667 0.019270833333300055 0.026851851851900012
0 0.620052083333 0.21203703703700003 0.009895833333330018 0.04444444444440002
0 0.558072916667 0.189814814815 0.0078125 0.0388888888889
0 0.527604166667 0.193981481481 0.009375 0.041666666666699985
0 0.522135416667 0.182407407407 0.006770833333330018 0.03148148148150001
0 0.508333333333 0.17314814814800003 0.007291666666669983 0.03333333333330002
