0 0.14296875 0.406481481481 0.021354166666666667 0.09444444444440002
0 0.15130208333333334 0.417592592593 0.013020833333333334 0.05
0 0.3216145833333333 0.2717592592590001 0.0171875 0.05277777777779999
1 0.321875 0.45787037037 0.15833333333333333 0.12685185185199996
1 0.47890625 0.3625 0.0890625 0.102777777778
1 0.5630208333333333 0.310185185185 0.05520833333333333 0.07962962962960006
1 0.6177083333333333 0.212962962963 0.026041666666666668 0.0388888888889
1 0.6875 0.226388888889 0.025 0.037962962963000016
1 0.6473958333333333 0.187037037037 0.027083333333333334 0.03703703703699999
1 0.6052083333333333 0.177314814815 0.03125 0.03240740740739999
1 0.5497395833333333 0.1625 0.0140625 0.019444444444400022
1 0.5731770833333333 0.15324074074100003 0.0171875 0.019444444444400022
1 0.55703125 0.15787037037 0.015104166666666667 0.02870370370370002
