1 0.713020833333 0.6726851851850001 0.1802083333330001 0.25648148148100003
1 0.472395833333 0.5671296296300001 0.12395833333299996 0.20277777777799996
1 0.502083333333 0.397685185185 0.08333333333330005 0.11574074074100002
1 0.37421875 0.34537037037 0.057812499999999996 0.08333333333329997
1 0.3640625 0.266203703704 0.033333333333299936 0.06018518518520003
1 0.383333333333 0.225462962963 0.026041666666699943 0.036111111111100005
1 0.313020833333 0.22546296296299997 0.030208333333300055 0.03796296296299999
1 0.344270833333 0.21944444444400002 0.021875 0.03703703703700001
1 0.364322916667 0.191203703704 0.022395833333300055 0.025
1 0.322135416667 0.190740740741 0.0203125 0.029629629629599998
1 0.55546875 0.266203703704 0.057812499999999996 0.06018518518520003
1 0.43046875 0.15787037037 0.015104166666699944 0.025
1 0.441927083333 0.15138888888900004 0.015104166666699944 0.02314814814809999
1 0.449739583333 0.16342592592600003 0.0171875 0.017592592592600015
0 0.3453125 0.5324074074070001 0.03229166666669994 0.144444444444
0 0.772916666667 0.278703703704 0.013541666666700062 0.05
0 0.643489583333 0.226851851852 0.011979166666700063 0.042592592592600016
