1 0.288541666667 0.557407407407 0.096875 0.20185185185200002
1 0.5877604166669999 0.786111111111 0.1984375 0.31666666666699994
1 0.736979166667 0.5476851851850001 0.2125 0.206481481481
1 0.8976562499999999 0.878240740741 0.2015625 0.24166666666699996
1 0.574739583333 0.44537037037 0.11197916666699997 0.14814814814800004
1 0.786458333333 0.429166666667 0.1333333333330001 0.12685185185199996
1 0.961197916667 0.403240740741 0.0765625 0.07870370370370003
0 0.16796875 0.685648148148 0.0421875 0.1657407407409999
0 0.14375 0.548611111111 0.0291666666667 0.12685185185200007
1 0.430729166667 0.38148148148100003 0.07916666666670007 0.14074074074100001
1 0.49114583333299994 0.350925925926 0.07083333333329994 0.09444444444440002
1 0.44296874999999997 0.286574074074 0.0515625 0.06203703703699998
1 0.378645833333 0.300462962963 0.04583333333330006 0.07129629629629998
1 0.326302083333 0.261574074074 0.04010416666669994 0.06574074074070001
1 0.3640625 0.229166666667 0.03541666666670006 0.05277777777779999
1 0.401822916667 0.22685185185200002 0.027604166666699945 0.046296296296300006
1 0.36354166666699994 0.19537037037 0.020833333333300057 0.03518518518520003
1 0.45390625 0.18055555555600003 0.028645833333300057 0.02777777777779999
1 0.443229166667 0.155555555556 0.01875 0.02592592592589998
1 0.427083333333 0.15509259259300004 0.014583333333300056 0.019444444444400022
0 0.83046875 0.308796296296 0.016145833333299938 0.06388888888890006
0 0.748177083333 0.268981481481 0.0109375 0.058333333333299965
0 0.68046875 0.240277777778 0.009895833333330018 0.0490740740741
0 0.611979166667 0.206944444444 0.013541666666700062 0.04722222222220001
0 0.5046875 0.172222222222 0.009375 0.029629629629599998
0 0.521875 0.181481481481 0.007291666666669983 0.03333333333330002
