1 0.7078125 0.832407407407 0.16354166666666667 0.3277777777780001
1 0.5244791666666666 0.6768518518520001 0.16875 0.27962962963
1 0.68125 0.6375000000000001 0.109375 0.22314814814799994
1 0.09947916666666666 0.881944444444 0.190625 0.23425925925899999
1 0.24609375 0.679166666667 0.19947916666666665 0.26018518518499995
1 0.38828125 0.517592592593 0.12343749999999999 0.17777777777800005
1 0.559375 0.43981481481500007 0.0875 0.14814814814800004
1 0.46822916666666664 0.408796296296 0.090625 0.132407407407
1 0.03958333333333333 0.407407407407 0.078125 0.08333333333329997
1 0.49322916666666666 0.34537037037 0.06875 0.08333333333329997
1 0.5729166666666666 0.349074074074 0.075 0.07962962962960006
0 0.6140625 0.496759259259 0.028125 0.12314814814799999
0 0.14453125 0.314351851852 0.01614583333333333 0.07314814814810004
0 0.20390624999999998 0.28750000000000003 0.013020833333333334 0.058333333333299965
1 0.5341145833333333 0.312037037037 0.049479166666666664 0.07222222222220001
1 0.6286458333333333 0.305555555556 0.042708333333333334 0.07037037037040006
1 0.55703125 0.283333333333 0.0359375 0.05740740740740004
1 0.57265625 0.261574074074 0.034895833333333334 0.054629629629600024
1 0.63671875 0.262037037037 0.0328125 0.046296296296299985
1 0.5916666666666667 0.24398148148100002 0.03125 0.04722222222220001
1 0.6036458333333333 0.209259259259 0.026041666666666668 0.0388888888889
1 0.6166666666666667 0.203703703704 0.021875 0.03148148148150001
1 0.6458333333333334 0.20648148148100004 0.022916666666666665 0.03703703703699999
1 0.5572916666666666 0.158796296296 0.01875 0.02870370370370002
1 0.5734375 0.154166666667 0.015625 0.02129629629629998
0 0.48593749999999997 0.20416666666700004 0.009375 0.036111111111100005
0 0.45989583333333334 0.182407407407 0.007291666666666667 0.02777777777779999
0 0.47734375 0.17685185185200003 0.008854166666666666 0.029629629629599998
0 0.48932291666666666 0.180092592593 0.0078125 0.02870370370370002
0 0.425 0.199074074074 0.00625 0.03148148148150001
0 0.4028645833333333 0.200925925926 0.008854166666666666 0.03148148148150001
