1 0.359738372093 0.706974637681 0.17296511627900002 0.20471014492800005
1 0.658611918605 0.630434782609 0.18640988372099995 0.18297101449299993
1 0.733284883721 0.84375 0.2681686046510001 0.24365942029000007
1 0.896620639535 0.640625 0.1791424418600001 0.16259057970999993
1 0.8515625 0.329030797101 0.07667151162790004 0.07653985507250002
1 0.73074127907 0.307065217391 0.06031976744190004 0.06702898550720003
1 0.549963662791 0.341259057971 0.07303779069770003 0.08197463768119999
1 0.619186046512 0.301630434783 0.06758720930229997 0.05978260869569996
0 0.315952034884 0.515625 0.035247093023300015 0.11277173913000002
0 0.393531976744 0.51268115942 0.04287790697670003 0.125
0 0.490007267442 0.507925724638 0.03524709302329993 0.12182971014500003
0 0.533430232558 0.46784420289900003 0.03125 0.09510869565220002
0 0.751271802326 0.460824275362 0.03379360465120005 0.11548913043499999
0 0.607194767442 0.46240942029 0.036337209302299965 0.10326086956499995
0 0.337209302326 0.445425724638 0.029796511627900035 0.09374999999999994
0 0.55414244186 0.44044384058 0.026889534883699943 0.06748188405800006
0 0.740007267442 0.39990942029 0.026526162790699987 0.07065217391300002
1 0.886627906977 0.273550724638 0.06468023255809988 0.04710144927540001
