1 0.546682098765 0.667236328125 0.14814814814800006 0.24853515625
1 0.350694444444 0.580810546875 0.14969135802500005 0.20751953125
1 0.523148148148 0.47705078125 0.09876543209879998 0.1220703125
1 0.546489197531 0.3466796875 0.07600308641979993 0.08984375
1 0.45196759259299996 0.311767578125 0.07214506172839998 0.07177734375
1 0.07349537037039999 0.579345703125 0.146990740741 0.23193359375
0 0.30304783950599995 0.22900390625 0.013503086419800017 0.044921875
0 0.641782407407 0.276123046875 0.019675925925899958 0.06591796875
0 0.698688271605 0.2236328125 0.013117283950599915 0.041015625
0 0.582175925926 0.16943359375 0.010030864197499986 0.0341796875
0 0.5652006172839998 0.135498046875 0.009259259259259961 0.01904296875
1 0.355516975309 0.246337890625 0.052854938271600024 0.05322265625
1 0.490162037037 0.25244140625 0.04668209876539999 0.064453125
1 0.5547839506169999 0.2236328125 0.042438271604900026 0.060546875
1 0.589891975309 0.205078125 0.035493827160499966 0.041015625
1 0.5090663580249999 0.222900390625 0.042824074074100035 0.04833984375
1 0.52237654321 0.1943359375 0.032407407407400037 0.0263671875
1 0.516203703704 0.176025390625 0.027777777777800057 0.02392578125
1 0.52700617284 0.15771484375 0.019290123456799948 0.0234375
1 0.534336419753 0.127685546875 0.015432098765399992 0.01708984375
1 0.4415509259259999 0.21435546875 0.03973765432099993 0.0419921875
1 0.42901234567899993 0.173095703125 0.026234567901200004 0.03857421875
1 0.46547067901199995 0.163330078125 0.022762345679000064 0.02490234375
1 0.44695216049399994 0.1572265625 0.020447530864199984 0.021484375
1 0.492669753086 0.141845703125 0.016203703703700018 0.01904296875
1 0.47820216049399994 0.136962890625 0.01504629629629998 0.01708984375
1 0.506558641975 0.132080078125 0.012345679012300064 0.01708984375
1 0.49324845679 0.121337890625 0.01195987654320005 0.01611328125
1 0.515625 0.116943359375 0.011188271604900024 0.01220703125
