1 0.4836033950617284 0.5244140625 0.126929012345679 0.216796875
1 0.5667438271604938 0.37646484375 0.08333333333333333 0.09765625
1 0.486304012345679 0.30712890625 0.0636574074074074 0.068359375
1 0.6373456790123456 0.58251953125 0.1566358024691358 0.1865234375
1 0.8076774691358024 0.8857421875 0.2797067901234568 0.2275390625
1 0.8528163580246914 0.325439453125 0.17939814814814814 0.19677734375
0 0.38522376543209874 0.21240234375 0.01427469135802469 0.0439453125
0 0.43730709876543206 0.160400390625 0.010416666666666666 0.02783203125
0 0.5931712962962963 0.16748046875 0.009645061728395061 0.0283203125
1 0.6219135802469136 0.224609375 0.044753086419753084 0.044921875
1 0.5094521604938271 0.238525390625 0.04282407407407407 0.04736328125
1 0.4737654320987654 0.211669921875 0.03626543209876543 0.05029296875
1 0.48032407407407407 0.180908203125 0.02854938271604938 0.03173828125
1 0.5559413580246914 0.170654296875 0.024691358024691357 0.02685546875
1 0.5298996913580246 0.1455078125 0.02044753086419753 0.0224609375
1 0.5044367283950617 0.140869140625 0.01890432098765432 0.02197265625
1 0.5181327160493827 0.12939453125 0.014660493827160493 0.01953125
1 0.4454089506172839 0.137451171875 0.019675925925925923 0.02001953125
1 0.4930555555555555 0.125732421875 0.013888888888888888 0.01220703125
1 0.4868827160493827 0.1181640625 0.012345679012345678 0.0126953125
1 0.4976851851851852 0.115234375 0.010802469135802469 0.0107421875
1 0.4810956790123457 0.109619140625 0.010802469135802469 0.01318359375
1 0.47453703703703703 0.10205078125 0.007716049382716049 0.01171875
1 0.4556327160493827 0.117919921875 0.010802469135802469 0.01318359375
0 0.43209876543209874 0.12841796875 0.005401234567901234 0.0185546875
