1 0.05169753086420001 0.5673828125 0.103395061728 0.2197265625
1 0.41878858024699994 0.444580078125 0.09992283950620003 0.12060546875
1 0.54224537037 0.64599609375 0.1639660493829999 0.203125
1 0.23765432098799996 0.89306640625 0.24922839506200006 0.203125
0 0.8238811728399998 0.406494140625 0.027391975308599867 0.09912109375
0 0.118634259259 0.30419921875 0.018132716049399995 0.0595703125
1 0.264853395062 0.27001953125 0.06442901234569998 0.068359375
1 0.36439043209899996 0.240478515625 0.045910493827199965 0.04931640625
1 0.489197530864 0.2607421875 0.05092592592589996 0.0732421875
1 0.5549768518519999 0.226318359375 0.03896604938270008 0.04638671875
1 0.527584876543 0.20166015625 0.030478395061699973 0.044921875
1 0.562885802469 0.180908203125 0.027777777777800057 0.03271484375
1 0.424575617284 0.240966796875 0.051311728395099974 0.05419921875
1 0.39236111111099997 0.218994140625 0.03935185185190001 0.04150390625
1 0.354359567901 0.19970703125 0.048225308642000045 0.0634765625
1 0.398919753086 0.18212890625 0.027777777777800012 0.0302734375
1 0.434992283951 0.175048828125 0.027391975308600044 0.03466796875
1 0.45466820987699996 0.2021484375 0.03433641975309993 0.04296875
1 0.5181327160489999 0.177490234375 0.02854938271600008 0.02685546875
0 0.300540123457 0.22900390625 0.014660493827199968 0.046875
1 0.48804012345699993 0.146240234375 0.019290123456799948 0.02001953125
1 0.501543209877 0.133056640625 0.016203703703700018 0.01513671875
1 0.479938271605 0.132080078125 0.015432098765399992 0.02001953125
1 0.537808641975 0.163330078125 0.023919753086399927 0.03759765625
1 0.5559413580249999 0.15478515625 0.019290123456799948 0.02734375
1 0.51986882716 0.158447265625 0.01658950617280003 0.02001953125
1 0.52700617284 0.13720703125 0.01851851851849992 0.017578125
1 0.55825617284 0.13916015625 0.03009259259259996 0.0400390625
1 0.5027006172839998 0.11181640625 0.011574074074100039 0.015625
1 0.5181327160489999 0.111572265625 0.010030864197499986 0.01513671875
0 0.46006944444399994 0.1376953125 0.007330246913580071 0.0205078125
