1 0.52237654321 0.578125 0.13888888888899995 0.1923828125
1 0.736304012346 0.580322265625 0.18094135802499994 0.19970703125
0 0.8697916666669999 0.40478515625 0.04205246913580001 0.111328125
1 0.592399691358 0.323486328125 0.08371913580250001 0.08935546875
1 0.48900462962999997 0.34130859375 0.08603395061730008 0.0908203125
1 0.447723765432 0.2568359375 0.05825617283950003 0.076171875
1 0.515625 0.214599609375 0.044367283950600085 0.05712890625
1 0.44637345679 0.19287109375 0.042438271604900026 0.0419921875
1 0.524112654321 0.177001953125 0.03510802469139995 0.04052734375
1 0.477430555556 0.158203125 0.029706790123499947 0.03515625
1 0.447723765432 0.14501953125 0.02893518518519992 0.03125
1 0.48996913580199997 0.130126953125 0.04089506172839997 0.06494140625
0 0.5972222222219999 0.228759765625 0.020833333333299998 0.05712890625
0 0.619020061728 0.1962890625 0.012731481481500077 0.048828125
0 0.21450617283999998 0.25439453125 0.022376543209899964 0.05859375
0 0.24556327160499997 0.21923828125 0.018132716049399995 0.0478515625
1 0.172839506173 0.185791015625 0.03317901234570002 0.03759765625
1 0.36863425925899995 0.210693359375 0.04128086419749998 0.04931640625
1 0.311921296296 0.199951171875 0.03973765432100002 0.05322265625
1 0.38715277777799995 0.17919921875 0.037422839506199984 0.0390625
1 0.39795524691399997 0.1552734375 0.026620370370400017 0.03515625
1 0.338927469136 0.16796875 0.04128086419749998 0.0537109375
1 0.36226851851899994 0.1591796875 0.01774691358019998 0.0302734375
1 0.350308641975 0.13134765625 0.02469135802470004 0.0224609375
1 0.377507716049 0.13818359375 0.021990740740700038 0.0234375
1 0.406635802469 0.136962890625 0.020833333333299998 0.02197265625
1 0.432484567901 0.115966796875 0.020833333333299998 0.02392578125
1 0.391010802469 0.1171875 0.020447530864199984 0.0224609375
0 0.527199074074 0.149169921875 0.012731481481500077 0.03271484375
1 0.45563271604899996 0.11279296875 0.019290123456799948 0.0224609375
1 0.515046296296 0.103515625 0.01851851851849992 0.021484375
1 0.43287037037 0.087890625 0.012345679012300064 0.013671875
1 0.453125 0.089111328125 0.012731481481500077 0.01318359375
