1 0.742005813953 0.845788043478 0.25072674418600005 0.292119565217
1 0.38935319767400006 0.692934782609 0.15661337209299994 0.19202898550700007
1 0.635356104651 0.5606884057970001 0.13263081395299992 0.1467391304349999
1 0.847747093023 0.56544384058 0.1468023255810001 0.1345108695649999
1 0.41606104651199993 0.536684782609 0.11773255814000004 0.12047101449299995
1 0.735646802326 0.43591485507200006 0.10283430232600003 0.11277173913000006
1 0.682412790698 0.359601449275 0.07122093023259994 0.0625
1 0.488917151163 0.349184782609 0.16024709302300003 0.22010869565199997
1 0.635537790698 0.246150362319 0.07267441860470007 0.104619565217
1 0.721838662791 0.246829710145 0.08539244186049998 0.13134057971000002
