0 0.7415123456790123 0.447265625 0.032407407407407406 0.1171875
0 0.6786265432098765 0.3525390625 0.03009259259259259 0.08203125
0 0.6743827160493827 0.300537109375 0.022376543209876542 0.06591796875
0 0.2864583333333333 0.3857421875 0.02970679012345679 0.095703125
0 0.19502314814814814 0.407470703125 0.02970679012345679 0.09228515625
0 0.16203703703703703 0.268310546875 0.014660493827160493 0.06201171875
0 0.14679783950617284 0.263916015625 0.016589506172839504 0.05615234375
1 0.46392746913580246 0.30908203125 0.06828703703703703 0.0732421875
1 0.7602237654320987 0.2861328125 0.06597222222222222 0.068359375
1 0.69116512345679 0.236083984375 0.04822530864197531 0.04931640625
1 0.6352237654320987 0.241943359375 0.05208333333333333 0.05224609375
1 0.5758101851851851 0.23876953125 0.0466820987654321 0.0546875
1 0.6134259259259259 0.221435546875 0.033950617283950615 0.04052734375
1 0.6273148148148148 0.187255859375 0.032407407407407406 0.04150390625
1 0.5987654320987654 0.202880859375 0.031635802469135804 0.02880859375
1 0.5904706790123456 0.18994140625 0.03665123456790123 0.0322265625
1 0.5619212962962963 0.220458984375 0.03742283950617284 0.04150390625
1 0.544945987654321 0.203857421875 0.03510802469135802 0.04638671875
1 0.5675154320987654 0.169921875 0.029320987654320986 0.02734375
1 0.532986111111111 0.186767578125 0.0320216049382716 0.02978515625
1 0.5206404320987654 0.166015625 0.028935185185185182 0.03515625
1 0.4888117283950617 0.217529296875 0.040123456790123455 0.04345703125
1 0.4427083333333333 0.171875 0.02507716049382716 0.02734375
1 0.47704475308641975 0.16259765625 0.02199074074074074 0.021484375
1 0.45138888888888884 0.150634765625 0.021604938271604937 0.02294921875
1 0.4724151234567901 0.146728515625 0.016589506172839504 0.01806640625
1 0.4720293209876543 0.134521484375 0.01427469135802469 0.01123046875
1 0.44733796296296297 0.118408203125 0.011188271604938271 0.01416015625
1 0.4498456790123457 0.13525390625 0.016203703703703703 0.0146484375
1 0.4654706790123457 0.119873046875 0.01427469135802469 0.01318359375
