1 0.527777777778 0.602294921875 0.15200617284000004 0.18310546875
1 0.787037037037 0.633544921875 0.1952160493829999 0.21533203125
1 0.28202160493799994 0.617431640625 0.27237654320999993 0.47607421875
1 0.123456790123 0.556640625 0.17206790123499996 0.216796875
1 0.6037808641979999 0.245849609375 0.02700617283950003 0.06201171875
1 0.12307098765399999 0.218505859375 0.07870370370369999 0.04541015625
1 0.24054783950599998 0.185791015625 0.06597222222220002 0.03857421875
1 0.3859953703699999 0.157958984375 0.03510802469140004 0.03662109375
1 0.3412422839509999 0.160888671875 0.03279320987649996 0.03857421875
1 0.29706790123499993 0.1630859375 0.03858024691359998 0.0341796875
0 0.543402777778 0.175537109375 0.01504629629629998 0.04150390625
0 0.568287037037 0.178955078125 0.013888888888899942 0.03857421875
0 0.587962962963 0.179443359375 0.013117283950599915 0.03955078125
0 0.6286651234569999 0.188232421875 0.015817901234600005 0.04443359375
1 0.48321759259299996 0.134521484375 0.04205246913580001 0.06494140625
1 0.446180555556 0.112548828125 0.01658950617280003 0.02099609375
1 0.44463734567899993 0.08740234375 0.017361111111100058 0.01953125
1 0.44309413580199997 0.073974609375 0.011188271604900024 0.01806640625
1 0.4982638888889999 0.0966796875 0.015817901234600005 0.0146484375
1 0.433834876543 0.103759765625 0.01658950617280003 0.02001953125
1 0.400655864198 0.132568359375 0.02121913580250001 0.02197265625
