0 0.86361882716 0.84130859375 0.07368827160490002 0.2119140625
1 0.36400462963 0.60400390625 0.14930555555600003 0.16796875
1 0.541666666667 0.3291015625 0.12422839506199998 0.25
0 0.6863425925929999 0.2734375 0.027777777777800057 0.0595703125
1 0.5603780864199999 0.188720703125 0.02893518518519992 0.03662109375
0 0.137731481481 0.25537109375 0.014660493827200012 0.037109375
1 0.420910493827 0.23876953125 0.040123456790099946 0.044921875
1 0.43711419753099995 0.220458984375 0.032407407407400037 0.03955078125
1 0.416280864198 0.192626953125 0.03317901234570007 0.03466796875
1 0.510416666667 0.200927734375 0.034722222222199936 0.03076171875
1 0.521026234568 0.171142578125 0.03356481481480007 0.04833984375
1 0.551697530864 0.145751953125 0.016203703703700018 0.02587890625
1 0.52700617284 0.1376953125 0.015432098765399992 0.0185546875
1 0.5538194444439999 0.1279296875 0.01658950617280003 0.0166015625
1 0.50424382716 0.130126953125 0.013888888888899942 0.01513671875
1 0.48630401234599996 0.127197265625 0.011188271604900024 0.01806640625
1 0.516203703704 0.11474609375 0.010030864197499986 0.0126953125
1 0.497492283951 0.116943359375 0.009645061728399974 0.01220703125
1 0.506172839506 0.111572265625 0.007716049382720084 0.00927734375
1 0.531635802469 0.12548828125 0.013117283950599915 0.0146484375
1 0.536072530864 0.119140625 0.011188271604900024 0.0146484375
