1 0.68671875 0.7000000000000001 0.1421875 0.3222222222219999
1 0.4669270833333333 0.821759259259 0.19114583333333332 0.33796296296299994
1 0.14166666666666666 0.8458333333330001 0.25625 0.2935185185189999
1 0.28854166666666664 0.5708333333330001 0.1875 0.24166666666699996
1 0.4315104166666667 0.4203703703700001 0.1015625 0.137037037037
1 0.5713541666666666 0.44351851851900004 0.090625 0.15185185185200006
1 0.67578125 0.47824074074100004 0.0765625 0.13240740740700002
1 0.66875 0.394444444444 0.0625 0.08148148148150001
1 0.54609375 0.368055555556 0.10052083333333334 0.11018518518500003
1 0.50390625 0.344907407407 0.0640625 0.08240740740740005
1 0.5338541666666666 0.30462962963 0.046875 0.05555555555559998
1 0.6763020833333333 0.341203703704 0.049479166666666664 0.075
1 0.6794270833333333 0.3027777777780001 0.044270833333333336 0.06296296296300002
1 0.5994791666666667 0.325925925926 0.05 0.0907407407407
1 0.6231770833333333 0.297222222222 0.0421875 0.07037037037040006
1 0.6216145833333333 0.262037037037 0.0359375 0.040740740740700006
1 0.55625 0.27546296296300005 0.040625 0.05277777777779999
1 0.571875 0.250925925926 0.0375 0.04259259259259999
1 0.5880208333333333 0.233333333333 0.029166666666666667 0.04814814814809999
1 0.6015625 0.220833333333 0.028125 0.037962962963000016
1 0.6348958333333333 0.241203703704 0.030208333333333334 0.04166666666670001
1 0.634375 0.216666666667 0.020833333333333332 0.029629629629599998
1 0.61875 0.199537037037 0.020833333333333332 0.02870370370370002
1 0.37005208333333334 0.32268518518500006 0.07864583333333333 0.08611111111109995
1 0.34921875 0.264814814815 0.0640625 0.06666666666670001
1 0.55703125 0.156481481481 0.0171875 0.024074074074100022
1 0.5734375 0.15509259259300004 0.015625 0.019444444444400022
0 0.7200520833333334 0.3416666666670001 0.01614583333333333 0.07407407407409997
1 0.66875 0.215277777778 0.026041666666666668 0.025
0 0.47760416666666666 0.17962962963 0.00625 0.029629629629599998
0 0.4934895833333333 0.177314814815 0.008854166666666666 0.03240740740739999
0 0.5109375 0.163888888889 0.00625 0.02592592592589998
0 0.24921875 0.26712962963 0.0140625 0.05462962962960005
0 0.85703125 0.563425925926 0.030729166666666665 0.1472222222219999
0 0.8820312499999999 0.571296296296 0.0265625 0.13888888888900006
0 0.9234375 0.5861111111110001 0.03125 0.15370370370399994
1 0.04088541666666667 0.403240740741 0.0796875 0.0842592592593
0 0.044270833333333336 0.3578703703700001 0.014583333333333334 0.06574074074070001
0 0.021354166666666667 0.349074074074 0.015625 0.05370370370370002
