0 0.10802469135802469 0.4453125 0.038580246913580245 0.1279296875
1 0.736111111111111 0.356201171875 0.08950617283950617 0.10205078125
0 0.953125 0.32080078125 0.025848765432098762 0.064453125
1 0.9336419753086419 0.227294921875 0.08873456790123456 0.04931640625
1 0.8261959876543209 0.185546875 0.03125 0.0380859375
1 0.6332947530864197 0.219970703125 0.0474537037037037 0.05029296875
1 0.7013888888888888 0.227294921875 0.05401234567901234 0.04931640625
1 0.7451774691358024 0.1748046875 0.1091820987654321 0.083984375
1 0.6614583333333333 0.194091796875 0.03587962962962963 0.04150390625
1 0.6103395061728395 0.173583984375 0.029320987654320986 0.03466796875
1 0.6487268518518519 0.16650390625 0.02970679012345679 0.03125
1 0.6026234567901234 0.154296875 0.023148148148148147 0.025390625
1 0.5964506172839505 0.142333984375 0.02546296296296296 0.02490234375
1 0.6873070987654321 0.166259765625 0.02199074074074074 0.03857421875
1 0.6392746913580246 0.1533203125 0.026234567901234566 0.02734375
1 0.626736111111111 0.131591796875 0.02507716049382716 0.02685546875
0 0.9915123456790123 0.439208984375 0.016203703703703703 0.10595703125
1 0.49633487654320985 0.32763671875 0.06905864197530864 0.095703125
0 0.34278549382716045 0.25439453125 0.02353395061728395 0.060546875
0 0.40084876543209874 0.207763671875 0.016203703703703703 0.05029296875
1 0.5115740740740741 0.265625 0.06095679012345678 0.0556640625
1 0.5044367283950617 0.214111328125 0.05208333333333333 0.05810546875
1 0.5142746913580246 0.180419921875 0.038580246913580245 0.03564453125
1 0.5167824074074073 0.15234375 0.03047839506172839 0.0283203125
0 0.44521604938271603 0.18017578125 0.013888888888888888 0.0380859375
0 0.5435956790123456 0.135498046875 0.023148148148148147 0.02294921875
0 0.552662037037037 0.12548828125 0.024305555555555552 0.021484375
0 0.5285493827160493 0.10595703125 0.031635802469135804 0.04296875
0 0.4861111111111111 0.102294921875 0.020061728395061727 0.01904296875
0 0.5694444444444444 0.087158203125 0.012345679012345678 0.01513671875
