1 0.6709665697674418 0.913722826087 0.23655523255813954 0.17164855072500007
1 0.5683139534883721 0.605525362319 0.13154069767441862 0.17028985507199995
1 0.2956031976744186 0.66553442029 0.16024709302325582 0.18432971014500005
1 0.11282703488372092 0.553668478261 0.13335755813953487 0.13903985507199995
1 0.28306686046511625 0.502264492754 0.1126453488372093 0.12047101449299995
1 0.5239825581395349 0.449954710145 0.12063953488372092 0.11548913043499999
1 0.3660973837209302 0.43048007246400005 0.08757267441860465 0.08922101449279997
1 0.16170058139534885 0.411005434783 0.10537790697674418 0.10009057971000004
1 0.4989098837209302 0.35235507246400005 0.09011627906976744 0.07971014492749999
1 0.3742732558139535 0.349411231884 0.07630813953488372 0.0701992753623
1 0.2232921511627907 0.338315217391 0.06286337209302326 0.060688405797100005
1 0.274890988372093 0.299139492754 0.07376453488372092 0.07653985507250002
1 0.42986918604651164 0.310914855072 0.06540697674418605 0.059329710144900044
1 0.07394622093023255 0.324954710145 0.06286337209302326 0.059329710144900044
1 0.14716569767441862 0.29393115942 0.05886627906976744 0.056159420289899974
0 0.7271075581395349 0.450634057971 0.03488372093023256 0.10778985507199997
