1 0.41570216049399994 0.307861328125 0.06288580246910001 0.07958984375
1 0.370563271605 0.39404296875 0.09066358024690002 0.0927734375
1 0.494598765432 0.440673828125 0.08796296296299998 0.10693359375
1 0.511188271605 0.344482421875 0.07716049382719996 0.07958984375
1 0.45023148148099995 0.762451171875 0.16743827160500002 0.25341796875
1 0.29648919753099995 0.623779296875 0.159336419753 0.18603515625
1 0.766010802469 0.632080078125 0.41319444444399983 0.70361328125
1 0.213927469136 0.263916015625 0.05902777777779999 0.05419921875
1 0.292052469136 0.25537109375 0.05709876543209999 0.0576171875
1 0.359375 0.26123046875 0.049768518518500005 0.0595703125
1 0.3859953703699999 0.22802734375 0.042052469135799964 0.044921875
1 0.323302469136 0.231689453125 0.04475308641980001 0.04052734375
