1 0.52237654321 0.574951171875 0.14583333333299997 0.20458984375
1 0.269483024691 0.824462890625 0.24112654320999996 0.31591796875
1 0.21412037037 0.311279296875 0.0841049382716 0.10791015625
0 0.0868055555556 0.296630859375 0.01929012345679999 0.07470703125
1 0.34799382716 0.24853515625 0.05246913580250001 0.0673828125
1 0.5381944444439999 0.33935546875 0.06327160493830002 0.080078125
1 0.45254629629599996 0.32373046875 0.07098765432099993 0.0751953125
1 0.5445601851849999 0.277587890625 0.05902777777780006 0.06494140625
0 0.64737654321 0.244140625 0.016975308642000045 0.0546875
0 0.724537037037 0.26904296875 0.015432098765399992 0.064453125
1 0.506365740741 0.23193359375 0.04205246913580001 0.04296875
1 0.40586419753099995 0.2060546875 0.0378086419753 0.04296875
1 0.42862654320999993 0.16796875 0.023919753086399927 0.0263671875
1 0.461419753086 0.1630859375 0.021604938271600024 0.0263671875
0 0.388310185185 0.181640625 0.009645061728399974 0.03515625
0 0.40200617284 0.175048828125 0.009259259259259961 0.02490234375
0 0.411651234568 0.173583984375 0.010802469135800012 0.02685546875
1 0.551697530864 0.2001953125 0.032407407407400037 0.037109375
1 0.5183256172839998 0.190673828125 0.026620370370400017 0.03466796875
1 0.523919753086 0.166748046875 0.023148148148100074 0.02978515625
1 0.5596064814809999 0.17431640625 0.02430555555559994 0.025390625
1 0.550154320988 0.153564453125 0.020833333333299998 0.02392578125
1 0.528742283951 0.14306640625 0.01658950617280003 0.017578125
1 0.532793209877 0.13037109375 0.014660493827199968 0.0166015625
1 0.553047839506 0.12109375 0.012731481481500077 0.0185546875
1 0.537229938272 0.114501953125 0.013503086419799928 0.01416015625
