1 0.4810956790123457 0.594970703125 0.12885802469135801 0.23193359375
1 0.6637731481481481 0.603759765625 0.1570216049382716 0.18603515625
1 0.49691358024691357 0.896240234375 0.21604938271604937 0.20654296875
1 0.7729552469135802 0.859619140625 0.2550154320987654 0.26708984375
1 0.915895061728395 0.473388671875 0.13040123456790123 0.12939453125
1 0.7251157407407407 0.364501953125 0.09760802469135801 0.10986328125
1 0.4600694444444444 0.288818359375 0.1107253086419753 0.08740234375
1 0.18287037037037035 0.343017578125 0.16666666666666666 0.07958984375
1 0.2071759259259259 0.30029296875 0.1566358024691358 0.0673828125
1 0.10532407407407407 0.2529296875 0.12191358024691357 0.0546875
0 0.1892361111111111 0.391845703125 0.03356481481481481 0.10693359375
1 0.5709876543209876 0.232177734375 0.0470679012345679 0.05419921875
1 0.6487268518518519 0.256103515625 0.05439814814814815 0.06005859375
1 0.7118055555555555 0.253662109375 0.05401234567901234 0.07666015625
1 0.6670524691358024 0.22412109375 0.045524691358024685 0.0458984375
1 0.5846836419753086 0.17431640625 0.03047839506172839 0.0302734375
1 0.4405864197530864 0.162109375 0.023148148148148147 0.0234375
1 0.501929012345679 0.11767578125 0.013888888888888888 0.017578125
1 0.48032407407407407 0.103515625 0.015432098765432098 0.0234375
