1 0.3171875 0.563888888889 0.10208333333299997 0.185185185185
1 0.545052083333 0.66712962963 0.16302083333300002 0.24537037037000006
1 0.502864583333 0.881944444444 0.22864583333300004 0.23425925925899999
1 0.8796875 0.857407407407 0.23124999999999998 0.2814814814810001
1 0.775520833333 0.544907407407 0.2010416666669999 0.17685185185200009
1 0.548958333333 0.38101851851900004 0.12083333333300003 0.12314814814800004
1 0.7640625 0.383796296296 0.10625 0.09907407407409997
1 0.936197916667 0.543518518519 0.1265625 0.19814814814799994
1 0.962239583333 0.406018518519 0.07447916666670006 0.0842592592593
0 0.168489583333 0.510648148148 0.019270833333299996 0.12129629629600003
0 0.848958333333 0.368981481481 0.021875 0.08055555555559998
0 0.7953125 0.325462962963 0.02083333333329994 0.07129629629629998
1 0.327864583333 0.34675925925900003 0.04947916666669994 0.08611111111109995
1 0.46484375 0.31805555555600007 0.05572916666669994 0.07870370370370003
1 0.43255208333299994 0.268518518519 0.04635416666670006 0.0685185185185
1 0.3609375 0.252777777778 0.03125 0.051851851851899985
1 0.41875 0.240277777778 0.02916666666670006 0.04537037037040003
1 0.329166666667 0.239814814815 0.02916666666670006 0.05
1 0.40078125 0.226851851852 0.0296875 0.042592592592600016
1 0.391145833333 0.213425925926 0.022916666666699944 0.036111111111100005
1 0.38359375 0.200925925926 0.02135416666670006 0.03703703703699999
1 0.34296875 0.19259259259300002 0.019270833333300055 0.03148148148150001
1 0.442708333333 0.161111111111 0.015625 0.02777777777779999
1 0.427604166667 0.156944444444 0.015625 0.02314814814809999
0 0.474739583333 0.183333333333 0.011979166666699943 0.03333333333330002
0 0.511197916667 0.1875 0.009895833333330018 0.036111111111100005
0 0.523958333333 0.18055555555600003 0.008333333333330018 0.03333333333330002
0 0.501041666667 0.168518518519 0.008333333333330018 0.03333333333330002
0 0.54453125 0.181018518519 0.009895833333330018 0.030555555555599977
0 0.599739583333 0.203240740741 0.009895833333330018 0.03981481481480003
1 0.327604166667 0.186111111111 0.026041666666699943 0.02592592592589998
