0 0.5770833333333333 0.781018518519 0.03333333333333333 0.19166666666699994
0 0.6216145833333333 0.7305555555560002 0.0359375 0.17962962962999995
0 0.67265625 0.537037037037 0.043229166666666666 0.15370370370399997
1 0.7078125 0.827314814815 0.16354166666666667 0.33425925925900013
1 0.51953125 0.67037037037 0.16302083333333334 0.274074074074
1 0.09817708333333333 0.880092592593 0.1953125 0.22314814814799994
1 0.24088541666666666 0.6837962962960001 0.1984375 0.269444444444
1 0.384375 0.510648148148 0.12708333333333333 0.16018518518499997
1 0.5606770833333333 0.442592592593 0.0921875 0.15
1 0.46796875 0.410648148148 0.08802083333333333 0.12129629629599997
1 0.49322916666666666 0.33842592592600007 0.06875 0.07314814814810004
1 0.5325520833333334 0.314351851852 0.05572916666666666 0.075
1 0.62421875 0.29212962963 0.044270833333333336 0.06759259259259996
1 0.039322916666666666 0.405555555556 0.0765625 0.08333333333329997
0 0.3052083333333333 0.305092592593 0.0125 0.06203703703699998
0 0.29713541666666665 0.315740740741 0.0140625 0.05185185185189996
0 0.22083333333333333 0.31851851851900004 0.015625 0.06481481481479998
0 0.25234375 0.306018518519 0.015104166666666667 0.06203703703699998
0 0.2903645833333333 0.251388888889 0.011979166666666666 0.05277777777779999
0 0.3997395833333333 0.239814814815 0.013020833333333334 0.04444444444440002
0 0.3846354166666667 0.2125 0.0109375 0.03981481481480003
1 0.55703125 0.286111111111 0.0359375 0.06666666666670004
1 0.57421875 0.262962962963 0.034895833333333334 0.05555555555559998
1 0.59375 0.243055555556 0.029166666666666667 0.054629629629600024
1 0.5997395833333333 0.225925925926 0.024479166666666666 0.04074074074069998
1 0.6697916666666667 0.262037037037 0.03125 0.05370370370370002
1 0.61484375 0.197685185185 0.022395833333333334 0.036111111111100005
1 0.6549479166666666 0.219907407407 0.0265625 0.037962962963000016
1 0.55625 0.157407407407 0.017708333333333333 0.02592592592589998
1 0.5731770833333333 0.15462962963 0.0140625 0.020370370370400005
1 0.5572916666666666 0.187962962963 0.025 0.029629629629599998
0 0.4453125 0.187037037037 0.009375 0.035185185185199974
0 0.49973958333333335 0.168518518519 0.0078125 0.029629629629599998
