0 0.8156249999999999 0.380092592593 0.01875 0.07870370370370003
0 0.5018229166666667 0.499074074074 0.0171875 0.08703703703699998
0 0.484375 0.486574074074 0.027083333333333334 0.12314814814799999
0 0.25494791666666666 0.30462962963 0.0171875 0.05555555555559998
0 0.3541666666666667 0.22453703703699998 0.009375 0.03796296296299999
0 0.48802083333333335 0.179166666667 0.009375 0.03981481481480003
1 0.63984375 0.314351851852 0.0421875 0.07129629629629998
1 0.45598958333333334 0.376388888889 0.10677083333333333 0.11388888888900005
1 0.18359375 0.439351851852 0.12239583333333333 0.11018518518499998
1 0.5643229166666667 0.269907407407 0.0421875 0.06018518518520003
1 0.5953125 0.226851851852 0.03229166666666666 0.042592592592600016
1 0.6885416666666666 0.223611111111 0.025 0.03981481481480003
1 0.634375 0.214814814815 0.026041666666666668 0.035185185185199974
1 0.634375 0.191666666667 0.02395833333333333 0.03148148148150001
1 0.5114583333333333 0.225 0.03229166666666666 0.046296296296299985
1 0.5427083333333333 0.197685185185 0.02395833333333333 0.0342592592593
1 0.55546875 0.179166666667 0.0234375 0.025
1 0.61328125 0.177314814815 0.03177083333333333 0.025
1 0.55859375 0.154166666667 0.0140625 0.025
1 0.57421875 0.152314814815 0.01614583333333333 0.025
0 0.6703125 0.22037037037000004 0.0125 0.0388888888889
