0 0.454282407407 0.48779296875 0.03125 0.125
0 0.348186728395 0.519287109375 0.04359567901229997 0.14208984375
0 0.309027777778 0.5146484375 0.04475308641980001 0.1484375
0 0.294560185185 0.465087890625 0.03510802469139995 0.13134765625
1 0.16685956790099998 0.357421875 0.09297839506169997 0.08984375
1 0.22762345679 0.317626953125 0.07947530864200002 0.07177734375
1 0.07928240740740002 0.412353515625 0.108410493827 0.09912109375
1 0.36149691358 0.259765625 0.057870370370400014 0.068359375
0 0.482060185185 0.459716796875 0.04359567901230006 0.11474609375
0 0.7033179012349999 0.51025390625 0.033950617283999916 0.1064453125
0 0.6543209876539999 0.445556640625 0.033950617283999916 0.09326171875
1 0.544174382716 0.25341796875 0.04976851851849992 0.048828125
1 0.4666280864199999 0.2470703125 0.048996913580200065 0.044921875
1 0.577160493827 0.207763671875 0.033950617283999916 0.03466796875
1 0.516589506173 0.208740234375 0.03626543209879999 0.03662109375
1 0.563850308642 0.18115234375 0.026620370370400017 0.0263671875
1 0.47415123456799996 0.211181640625 0.04320987654320005 0.03564453125
1 0.47974537037 0.173583984375 0.027391975308600044 0.02978515625
1 0.422067901235 0.17041015625 0.035493827160499966 0.033203125
1 0.3919753086419999 0.14697265625 0.023148148148100033 0.0234375
1 0.520640432099 0.18408203125 0.029706790123499947 0.0263671875
