1 0.38177083333333334 0.891203703704 0.19895833333333332 0.206481481481
1 0.68671875 0.9037037037040001 0.13697916666666665 0.17777777777799988
1 0.07161458333333333 0.933333333333 0.1421875 0.12962962962999997
1 0.23645833333333333 0.7513888888890001 0.20520833333333333 0.30092592592600004
1 0.6901041666666666 0.6680555555560002 0.13125 0.2898148148149999
1 0.5265625 0.6222222222220001 0.13958333333333334 0.23518518518499992
1 0.3302083333333333 0.522685185185 0.18020833333333333 0.19166666666699994
1 0.4361979166666667 0.415277777778 0.0953125 0.13611111111099997
1 0.6770833333333334 0.47500000000000003 0.07916666666666666 0.13518518518499997
1 0.5716145833333334 0.43564814814800007 0.0859375 0.14907407407399997
1 0.03854166666666667 0.408333333333 0.075 0.08148148148150001
1 0.5447916666666667 0.37314814814800007 0.096875 0.10370370370400003
1 0.66953125 0.37777777777800003 0.05572916666666666 0.09259259259259997
1 0.6763020833333333 0.31712962963 0.04114583333333333 0.06388888888889994
1 0.59765625 0.32638888888900003 0.0484375 0.09166666666670004
1 0.5046875 0.340277777778 0.06458333333333333 0.07870370370370003
1 0.6216145833333333 0.298611111111 0.044270833333333336 0.06759259259259996
1 0.534375 0.301851851852 0.046875 0.05185185185189996
1 0.55625 0.2791666666670001 0.04375 0.05277777777779999
1 0.5723958333333333 0.25231481481500007 0.035416666666666666 0.045370370370399975
1 0.6213541666666667 0.261111111111 0.034375 0.03888888888890005
1 0.634375 0.240277777778 0.03125 0.0398148148148
1 0.5877604166666667 0.23287037037 0.0296875 0.045370370370399975
1 0.6638020833333333 0.236574074074 0.033854166666666664 0.03981481481480003
1 0.6010416666666667 0.221296296296 0.025 0.0388888888889
1 0.63125 0.218518518519 0.025 0.03333333333330002
1 0.66875 0.216666666667 0.027083333333333334 0.02777777777779999
1 0.6177083333333333 0.197685185185 0.02395833333333333 0.02870370370370002
1 0.66015625 0.201851851852 0.021354166666666667 0.02592592592589998
1 0.43255208333333334 0.24490740740700004 0.043229166666666666 0.04351851851849999
1 0.5565104166666667 0.159259259259 0.0171875 0.029629629629599998
1 0.5734375 0.153703703704 0.014583333333333334 0.020370370370400005
0 0.8312499999999999 0.39722222222200004 0.01875 0.09629629629629999
0 0.8018229166666666 0.3967592592590001 0.0171875 0.09166666666670004
0 0.7067708333333333 0.266666666667 0.010416666666666666 0.05185185185189996
0 0.24453125 0.289814814815 0.0140625 0.05740740740740004
0 0.22213541666666667 0.285185185185 0.0140625 0.06296296296300002
0 0.20677083333333332 0.285185185185 0.010416666666666666 0.06481481481479998
0 0.34348958333333335 0.225 0.008854166666666666 0.04259259259259999
0 0.47760416666666666 0.179166666667 0.00625 0.02870370370370002
0 0.6934895833333333 0.23009259259299997 0.009895833333333333 0.03796296296299999
