0 0.8525326797390002 0.535888671875 0.04820261437909992 0.12353515625
0 0.950776143791 0.47119140625 0.030637254902000168 0.0947265625
1 0.571078431373 0.344482421875 0.14950980392199997 0.15869140625
1 0.684640522876 0.301025390625 0.10620915032700005 0.14208984375
1 0.848651960784 0.261962890625 0.053513071895399944 0.05810546875
1 0.127859477124 0.279052734375 0.08823529411760002 0.10791015625
0 0.55943627451 0.165283203125 0.015114379085000015 0.02978515625
1 0.801266339869 0.18212890625 0.05187908496730002 0.029296875
1 0.626429738562 0.12353515625 0.014297385620899987 0.0126953125
0 0.645220588235 0.142822265625 0.010212418300700035 0.01806640625
