1 0.5765817901234568 0.398681640625 0.09992283950617284 0.10205078125
1 0.501736111111111 0.26513671875 0.06134259259259259 0.064453125
0 0.33217592592592593 0.271484375 0.016975308641975308 0.0615234375
0 0.29301697530864196 0.274169921875 0.02199074074074074 0.05810546875
1 0.955054012345679 0.480224609375 0.08526234567901234 0.15576171875
1 0.5788966049382716 0.236572265625 0.04050925925925926 0.04638671875
1 0.626736111111111 0.235595703125 0.04822530864197531 0.04931640625
1 0.6836419753086419 0.233154296875 0.045524691358024685 0.04345703125
1 0.6101466049382716 0.1865234375 0.02353395061728395 0.03125
1 0.5927854938271605 0.196533203125 0.03742283950617284 0.03564453125
1 0.564429012345679 0.220947265625 0.038580246913580245 0.03857421875
1 0.5509259259259259 0.20263671875 0.032407407407407406 0.0478515625
1 0.5356867283950617 0.186767578125 0.03047839506172839 0.03857421875
1 0.5190972222222222 0.161865234375 0.02662037037037037 0.03076171875
1 0.45100308641975306 0.189208984375 0.031635802469135804 0.03369140625
1 0.4739583333333333 0.1513671875 0.019675925925925923 0.0224609375
1 0.44926697530864196 0.149169921875 0.018132716049382713 0.02294921875
1 0.5 0.124267578125 0.022376543209876542 0.03271484375
1 0.5221836419753086 0.13134765625 0.015817901234567902 0.0185546875
1 0.470679012345679 0.13427734375 0.013888888888888888 0.0205078125
