1 0.6661458333333333 0.5717592592590001 0.10104166666666667 0.22314814814799994
1 0.23177083333333334 0.738888888889 0.203125 0.27962962963
1 0.209375 0.514814814815 0.17604166666666665 0.16851851851900002
1 0.1609375 0.44583333333300007 0.121875 0.11203703703700003
1 0.039322916666666666 0.406481481481 0.0765625 0.08703703703699998
1 0.39036458333333335 0.264351851852 0.059895833333333336 0.07129629629629998
1 0.4361979166666667 0.442592592593 0.1109375 0.15
1 0.68515625 0.398148148148 0.06614583333333333 0.10740740740700003
1 0.5854166666666667 0.3652777777780001 0.078125 0.09722222222220002
1 0.5122395833333333 0.325925925926 0.0671875 0.09444444444440002
1 0.5575520833333333 0.284259259259 0.05572916666666666 0.06481481481479998
1 0.63515625 0.276388888889 0.0359375 0.07314814814810004
1 0.5776041666666667 0.250462962963 0.0375 0.05277777777779999
1 0.6067708333333334 0.22129629629599998 0.03229166666666666 0.044444444444399996
1 0.6455729166666666 0.223148148148 0.0296875 0.04444444444440002
1 0.67421875 0.22685185185200002 0.03177083333333333 0.046296296296300006
0 0.7122395833333334 0.278240740741 0.015104166666666667 0.056481481481500014
1 0.6505208333333333 0.193981481481 0.028125 0.02870370370370002
1 0.615625 0.19259259259300002 0.02395833333333333 0.02777777777779999
1 0.5442708333333334 0.195833333333 0.030208333333333334 0.026851851851900012
1 0.5625 0.169907407407 0.030208333333333334 0.02129629629629998
1 0.5721354166666667 0.15509259259300004 0.0140625 0.019444444444400022
1 0.5578125 0.15509259259300004 0.0125 0.02129629629629998
0 0.47604166666666664 0.180092592593 0.009375 0.03981481481480003
0 0.9835937499999999 0.8722222222220001 0.0296875 0.16666666666699995
