1 0.567708333333 0.884765625 0.23418209876499996 0.2294921875
1 0.505979938272 0.336669921875 0.09066358024690006 0.10791015625
1 0.5358796296299999 0.23193359375 0.05864197530860004 0.0732421875
1 0.463734567901 0.239501953125 0.057870370370400014 0.06787109375
1 0.49344135802499994 0.176025390625 0.035493827160499966 0.04052734375
1 0.44714506172799995 0.187255859375 0.03935185185189992 0.04443359375
1 0.215084876543 0.41845703125 0.10995370370400002 0.125
1 0.175540123457 0.322509765625 0.079475308642 0.08349609375
1 0.328510802469 0.27685546875 0.065200617284 0.099609375
1 0.27662037037 0.251220703125 0.05632716049379996 0.06689453125
1 0.358796296296 0.212646484375 0.042438271604900026 0.04833984375
1 0.296682098765 0.2021484375 0.035493827160499966 0.0498046875
1 0.38425925925899995 0.166748046875 0.032407407407399995 0.04248046875
1 0.463348765432 0.151611328125 0.03317901234570007 0.03662109375
1 0.44444444444399994 0.1328125 0.02546296296299998 0.02734375
1 0.333333333333 0.177978515625 0.04089506172839997 0.03857421875
1 0.35744598765399993 0.139404296875 0.03125 0.04443359375
1 0.39795524691399997 0.130126953125 0.024305555555599986 0.03271484375
0 0.668788580247 0.247314453125 0.02121913580250001 0.06298828125
0 0.651427469136 0.248779296875 0.021990740740700038 0.06591796875
0 0.641782407407 0.21044921875 0.01504629629629998 0.05078125
0 0.56674382716 0.17333984375 0.014660493827199968 0.0458984375
1 0.45852623456799996 0.1064453125 0.026620370370400017 0.02734375
1 0.497492283951 0.09716796875 0.015817901234600005 0.017578125
