0 0.30266203703703703 0.915283203125 0.07368827160493827 0.15869140625
0 0.046875 0.511474609375 0.03587962962962963 0.12060546875
0 0.12364969135802469 0.414794921875 0.03587962962962963 0.11279296875
1 0.6730324074074073 0.63134765625 0.1724537037037037 0.25
1 0.22627314814814814 0.5771484375 0.3784722222222222 0.56640625
1 0.5461033950617283 0.281005859375 0.06520061728395062 0.07177734375
1 0.8728780864197531 0.55810546875 0.16396604938271603 0.1767578125
0 0.9878472222222222 0.443603515625 0.02353395061728395 0.11474609375
1 0.7635030864197531 0.265380859375 0.12268518518518517 0.16748046875
1 0.8003472222222222 0.19287109375 0.1570216049382716 0.08203125
0 0.36844135802469136 0.27978515625 0.024691358024691357 0.0625
0 0.31925154320987653 0.275390625 0.021219135802469133 0.0703125
0 0.3501157407407407 0.24658203125 0.013503086419753086 0.052734375
1 0.4542824074074074 0.216796875 0.08912037037037036 0.1181640625
1 0.5414737654320987 0.199462890625 0.03973765432098765 0.04541015625
1 0.5177469135802469 0.15625 0.026234567901234566 0.033203125
1 0.548611111111111 0.143798828125 0.03009259259259259 0.02880859375
1 0.615162037037037 0.178466796875 0.03433641975308642 0.04443359375
1 0.6539351851851851 0.175048828125 0.030864197530864196 0.03564453125
1 0.706983024691358 0.179443359375 0.03587962962962963 0.03564453125
1 0.6869212962962963 0.1572265625 0.02970679012345679 0.0244140625
1 0.6628086419753086 0.14306640625 0.024691358024691357 0.0224609375
1 0.6195987654320987 0.134521484375 0.023148148148148147 0.02197265625
1 0.6124614197530864 0.117919921875 0.01890432098765432 0.01904296875
1 0.6491126543209876 0.12109375 0.02199074074074074 0.0244140625
1 0.6346450617283951 0.10888671875 0.017746913580246913 0.017578125
1 0.5927854938271605 0.09033203125 0.013503086419753086 0.015625
1 0.5574845679012346 0.11962890625 0.020061728395061727 0.021484375
1 0.5262345679012346 0.106201171875 0.030864197530864196 0.04638671875
1 0.48514660493827155 0.1044921875 0.019675925925925923 0.0185546875
1 0.5696373456790124 0.099365234375 0.015046296296296295 0.01611328125
1 0.5538194444444444 0.0908203125 0.011188271604938271 0.015625
0 0.4893904320987654 0.135498046875 0.009645061728395061 0.02978515625
