1 0.5435956790119999 0.844970703125 0.18055555555599995 0.28662109375
1 0.281057098765 0.84814453125 0.22260802469100002 0.302734375
1 0.557291666667 0.462158203125 0.09760802469139995 0.13134765625
1 0.41396604938299997 0.43994140625 0.10493827160500002 0.1572265625
1 0.5279706790119999 0.336669921875 0.06983024691360007 0.08544921875
1 0.541859567901 0.273681640625 0.06134259259259996 0.05322265625
0 0.274112654321 0.51123046875 0.03742283950620003 0.1220703125
0 0.306134259259 0.3271484375 0.03125 0.0869140625
0 0.766010802469 0.38427734375 0.03279320987650005 0.09765625
0 0.6550925925929999 0.253173828125 0.01851851851849992 0.06494140625
1 0.24035493827199997 0.27880859375 0.08564814814809998 0.072265625
1 0.293209876543 0.258056640625 0.04629629629629998 0.05224609375
1 0.366319444444 0.241943359375 0.045138888888900025 0.04833984375
1 0.468942901235 0.26416015625 0.055169753086399924 0.0556640625
1 0.552083333333 0.22216796875 0.03858024691360007 0.0419921875
1 0.495949074074 0.224853515625 0.04513888888889994 0.04541015625
1 0.511574074074 0.19287109375 0.027777777777800057 0.0302734375
1 0.5904706790119999 0.2021484375 0.04128086419749998 0.0380859375
1 0.34162808642 0.213134765625 0.04668209876539999 0.04150390625
1 0.377507716049 0.1982421875 0.030478395061699973 0.0283203125
1 0.42110339506199995 0.185302734375 0.03125 0.03662109375
1 0.42554012345699993 0.24072265625 0.05246913580250001 0.05859375
1 0.440393518519 0.21533203125 0.03973765432099993 0.0390625
1 0.45871913580199997 0.19189453125 0.03317901234570007 0.0419921875
1 0.5626929012349999 0.17529296875 0.0366512345679 0.0498046875
1 0.52237654321 0.15234375 0.023919753086399927 0.021484375
1 0.476273148148 0.13330078125 0.017361111111100058 0.0185546875
1 0.52662037037 0.136474609375 0.017746913580200068 0.02001953125
1 0.5046296296299999 0.125 0.015432098765399992 0.0166015625
1 0.487847222222 0.12158203125 0.01504629629629998 0.015625
