1 0.5275848765432098 0.700927734375 0.1593364197530864 0.21533203125
1 0.7417052469135802 0.68798828125 0.17708333333333331 0.22265625
1 0.8832947530864197 0.90673828125 0.22955246913580246 0.1787109375
1 0.19849537037037035 0.712890625 0.38078703703703703 0.5537109375
0 0.8481867283950617 0.419677734375 0.02662037037037037 0.08837890625
0 0.8726851851851851 0.427490234375 0.02854938271604938 0.09326171875
0 0.8755787037037036 0.318115234375 0.02353395061728395 0.06787109375
0 0.5648148148148148 0.525634765625 0.04398148148148148 0.12060546875
0 0.42091049382716045 0.445068359375 0.044753086419753084 0.10791015625
1 0.7798996913580246 0.2568359375 0.059027777777777776 0.0576171875
1 0.6936728395061728 0.2431640625 0.046296296296296294 0.0517578125
1 0.6219135802469136 0.246337890625 0.047839506172839504 0.05712890625
1 0.736111111111111 0.230224609375 0.045524691358024685 0.04931640625
1 0.6691743827160493 0.224609375 0.03356481481481481 0.0400390625
1 0.564236111111111 0.167236328125 0.03047839506172839 0.02783203125
1 0.53491512345679 0.149658203125 0.02662037037037037 0.02294921875
1 0.5958719135802468 0.170654296875 0.02507716049382716 0.02197265625
1 0.6352237654320987 0.201416015625 0.02970679012345679 0.02880859375
