1 0.2296875 0.766203703704 0.20833333333333334 0.2972222222220001
1 0.5184895833333333 0.656944444444 0.14010416666666667 0.262037037037
1 0.6799479166666667 0.9388888888890001 0.1328125 0.12037037036999995
1 0.68984375 0.669907407407 0.12552083333333333 0.30462962962999995
1 0.32421875 0.526388888889 0.1796875 0.19166666666699994
1 0.4359375 0.417592592593 0.090625 0.13518518518500003
1 0.57109375 0.440740740741 0.08802083333333333 0.15370370370399997
1 0.6763020833333333 0.47546296296300006 0.07552083333333333 0.12685185185200007
1 0.66875 0.39537037037 0.0625 0.0907407407407
1 0.5453125 0.368055555556 0.103125 0.11018518518500003
1 0.50390625 0.344444444444 0.06197916666666667 0.08888888888890005
1 0.675 0.3375 0.05 0.075
1 0.596875 0.32685185185200005 0.053125 0.09259259259259997
1 0.53359375 0.301388888889 0.0484375 0.06203703703699998
1 0.6830729166666667 0.303703703704 0.0421875 0.06481481481479998
1 0.62265625 0.293055555556 0.0453125 0.06759259259259996
1 0.5567708333333333 0.277777777778 0.04791666666666666 0.0592592592593
1 0.5716145833333334 0.25231481481500007 0.0359375 0.056481481481500014
1 0.62265625 0.26018518518500006 0.0328125 0.051851851851899985
1 0.6359375 0.24074074074100002 0.027083333333333334 0.04259259259259999
1 0.58671875 0.233796296296 0.030729166666666665 0.04722222222219999
1 0.6013020833333333 0.219444444444 0.0265625 0.042592592592600016
1 0.63359375 0.218518518519 0.0234375 0.03333333333330002
1 0.6684895833333333 0.219907407407 0.0265625 0.0342592592593
1 0.6203125 0.197685185185 0.022916666666666665 0.030555555555600033
1 0.5614583333333333 0.17500000000000002 0.017708333333333333 0.02222222222220001
1 0.5723958333333333 0.15462962963 0.014583333333333334 0.02222222222220001
1 0.55703125 0.157407407407 0.01614583333333333 0.02592592592589998
0 0.5145833333333333 0.1625 0.00625 0.025
0 0.509375 0.17870370370400002 0.007291666666666667 0.02777777777779999
0 0.47630208333333335 0.181481481481 0.0078125 0.03148148148150001
0 0.7114583333333333 0.300925925926 0.013541666666666667 0.05370370370370002
0 0.84140625 0.514814814815 0.0234375 0.12777777777800006
0 0.8661458333333333 0.525462962963 0.020833333333333332 0.125
0 0.27369791666666665 0.25601851851900004 0.0109375 0.054629629629600024
0 0.10208333333333333 0.343518518519 0.011458333333333333 0.07222222222220001
0 0.0921875 0.343055555556 0.0125 0.07314814814810004
0 0.0765625 0.337037037037 0.0125 0.06481481481479998
1 0.13802083333333334 0.511111111111 0.146875 0.15925925925900006
1 0.038802083333333334 0.405092592593 0.0765625 0.07685185185189997
