1 0.529706790123 0.569580078125 0.16280864197500003 0.20947265625
1 0.17168209876499999 0.41455078125 0.12654320987700002 0.1435546875
1 0.262731481481 0.306396484375 0.07253086419749999 0.09130859375
1 0.482831790123 0.30029296875 0.07600308641979993 0.076171875
1 0.613425925926 0.314697265625 0.07716049382719996 0.07763671875
1 0.898148148148 0.923828125 0.20293209876500015 0.1484375
1 0.0725308641975 0.212646484375 0.0640432098765 0.03955078125
1 0.48668981481499995 0.24658203125 0.048225308642000045 0.06640625
1 0.5613425925929999 0.233642578125 0.05401234567900006 0.05029296875
1 0.476658950617 0.2109375 0.04668209876539999 0.0439453125
1 0.4670138888889999 0.15869140625 0.03973765432099993 0.056640625
1 0.44965277777799995 0.13623046875 0.020447530864199984 0.029296875
1 0.492283950617 0.156005859375 0.023919753086399927 0.03076171875
1 0.490354938272 0.134765625 0.02237654320990005 0.0283203125
1 0.449459876543 0.112060546875 0.021604938271600024 0.02490234375
1 0.46547067901199995 0.108154296875 0.01658950617280003 0.02294921875
1 0.48900462962999997 0.11669921875 0.023533950617299914 0.0185546875
1 0.41898148148099995 0.095947265625 0.023919753086399927 0.02587890625
1 0.49884259259299996 0.096435546875 0.017746913580200068 0.01611328125
1 0.336226851852 0.24658203125 0.055169753086400014 0.06640625
1 0.38483796296299994 0.174072265625 0.03433641975309997 0.03955078125
1 0.255787037037 0.258544921875 0.06404320987649996 0.05908203125
1 0.295524691358 0.208740234375 0.04398148148149999 0.04345703125
1 0.3364197530859999 0.154541015625 0.05324074074070004 0.07373046875
1 0.278935185185 0.180419921875 0.042438271604900026 0.03173828125
1 0.283950617284 0.152099609375 0.04552469135799995 0.03466796875
1 0.396026234568 0.15087890625 0.028935185185199965 0.03125
