0 0.668402777778 0.375732421875 0.03510802469139995 0.09619140625
1 0.15605709876499999 0.323974609375 0.19405864197499997 0.19970703125
1 0.42110339506199995 0.239990234375 0.04128086419749998 0.04931640625
1 0.36921296296299994 0.2412109375 0.04475308641980001 0.0458984375
1 0.306134259259 0.244384765625 0.04899691358019998 0.05224609375
1 0.33371913580199997 0.227294921875 0.037808641975299956 0.04248046875
1 0.435570987654 0.219970703125 0.037037037037000016 0.04052734375
1 0.44965277777799995 0.2041015625 0.03973765432099993 0.0439453125
1 0.39564043209899996 0.2138671875 0.04050925925929996 0.044921875
1 0.465084876543 0.18701171875 0.03279320987650005 0.03515625
1 0.47241512345699993 0.173828125 0.02893518518519992 0.03125
1 0.4375 0.167724609375 0.021604938271600024 0.02685546875
1 0.456983024691 0.153564453125 0.02121913580250001 0.02294921875
1 0.41126543209899996 0.18310546875 0.03858024691360003 0.05078125
1 0.37577160493799994 0.184814453125 0.033950617284 0.04638671875
1 0.49247685185199996 0.14501953125 0.021990740740700038 0.0263671875
1 0.474537037037 0.132568359375 0.015432098765399992 0.01904296875
1 0.456018518519 0.14453125 0.016975308642000045 0.0166015625
1 0.502893518519 0.126220703125 0.01658950617280003 0.01806640625
1 0.532214506173 0.13134765625 0.017361111111100058 0.021484375
1 0.553240740741 0.129638671875 0.015432098765399992 0.01513671875
1 0.538387345679 0.116943359375 0.011188271604900024 0.01220703125
