0 0.1474673202614379 0.535888671875 0.04820261437908497 0.12353515625
0 0.049223856209150325 0.47119140625 0.030637254901960786 0.0947265625
1 0.428921568627451 0.344482421875 0.14950980392156862 0.15869140625
1 0.315359477124183 0.301025390625 0.10620915032679738 0.14208984375
1 0.15175653594771243 0.261962890625 0.05351307189542484 0.05810546875
1 0.8725490196078431 0.279052734375 0.08823529411764706 0.10791015625
0 0.44056372549019607 0.165283203125 0.01511437908496732 0.02978515625
1 0.1991421568627451 0.18212890625 0.051879084967320264 0.029296875
1 0.37397875816993464 0.12353515625 0.014297385620915034 0.0126953125
0 0.35518790849673204 0.142822265625 0.010212418300653595 0.01806640625
