1 0.7114583333333333 0.557407407407 0.096875 0.20185185185200002
1 0.4122395833333333 0.786111111111 0.1984375 0.31666666666699994
1 0.2630208333333333 0.5476851851850001 0.2125 0.206481481481
1 0.10234375 0.878240740741 0.2015625 0.24166666666699996
1 0.42578125 0.44537037037 0.11197916666666667 0.14814814814800004
1 0.2140625 0.429166666667 0.13333333333333333 0.12685185185199996
1 0.038802083333333334 0.403240740741 0.0765625 0.07870370370370003
0 0.83203125 0.685648148148 0.0421875 0.1657407407409999
0 0.8565104166666666 0.548611111111 0.0296875 0.12685185185200007
1 0.5692708333333333 0.38148148148100003 0.07916666666666666 0.14074074074100001
1 0.509375 0.350925925926 0.07083333333333333 0.09444444444440002
1 0.55703125 0.286574074074 0.0515625 0.06203703703699998
1 0.621875 0.300462962963 0.04583333333333333 0.07129629629629998
1 0.67421875 0.261574074074 0.04010416666666666 0.06574074074070001
1 0.6361979166666667 0.229166666667 0.0359375 0.05277777777779999
1 0.5981770833333333 0.22685185185200002 0.027604166666666666 0.046296296296300006
1 0.6364583333333333 0.19537037037 0.020833333333333332 0.03518518518520003
1 0.5463541666666667 0.18055555555600003 0.028125 0.02777777777779999
1 0.5567708333333333 0.155555555556 0.01875 0.02592592592589998
1 0.5734375 0.15509259259300004 0.014583333333333334 0.019444444444400022
0 0.16979166666666667 0.308796296296 0.015625 0.06388888888890006
0 0.25234375 0.268981481481 0.0109375 0.058333333333299965
0 0.31979166666666664 0.240277777778 0.009375 0.0490740740741
0 0.3880208333333333 0.206944444444 0.013541666666666667 0.04722222222220001
0 0.49583333333333335 0.172222222222 0.009375 0.029629629629599998
0 0.4783854166666667 0.181481481481 0.0078125 0.03333333333330002
