1 0.47916666666666663 0.521484375 0.14583333333333331 0.1708984375
1 0.5098379629629629 0.3154296875 0.07214506172839506 0.0791015625
1 0.5158179012345678 0.21630859375 0.05092592592592592 0.0517578125
1 0.6967592592592592 0.314208984375 0.08796296296296297 0.10009765625
1 0.8366126543209876 0.333251953125 0.06983024691358024 0.09912109375
1 0.8931327160493827 0.5712890625 0.16666666666666666 0.2060546875
1 0.751736111111111 0.268310546875 0.06520061728395062 0.09130859375
1 0.5308641975308641 0.16552734375 0.040123456790123455 0.04296875
1 0.5086805555555556 0.14111328125 0.022762345679012343 0.0322265625
1 0.5765817901234568 0.1025390625 0.017361111111111112 0.01953125
1 0.5551697530864197 0.12646484375 0.017746913580246913 0.025390625
1 0.5297067901234568 0.136962890625 0.02546296296296296 0.02978515625
1 0.5235339506172839 0.115966796875 0.023148148148148147 0.02001953125
1 0.544945987654321 0.104736328125 0.01890432098765432 0.01806640625
1 0.5522762345679012 0.08837890625 0.017361111111111112 0.0166015625
1 0.501736111111111 0.09814453125 0.018132716049382713 0.015625
1 0.5628858024691358 0.07470703125 0.012345679012345678 0.017578125
1 0.568287037037037 0.059326171875 0.010802469135802469 0.01806640625
0 0.36516203703703703 0.22705078125 0.017361111111111112 0.0625
0 0.3454861111111111 0.227294921875 0.015046296296296295 0.06005859375
0 0.3900462962962963 0.207763671875 0.016203703703703703 0.05322265625
0 0.42843364197530864 0.17578125 0.013503086419753086 0.044921875
1 0.611111111111111 0.162109375 0.033950617283950615 0.0361328125
1 0.6635802469135802 0.16650390625 0.04089506172839506 0.052734375
