1 0.452864583333 0.45 0.08697916666669994 0.131481481481
1 0.509114583333 0.371296296296 0.06927083333329993 0.10370370370400003
1 0.63515625 0.45972222222200004 0.1348958333330001 0.16203703703699998
1 0.438020833333 0.29583333333300005 0.051041666666699945 0.06944444444440002
1 0.361197916667 0.30462962963 0.04635416666670006 0.07222222222220001
1 0.311458333333 0.225462962963 0.025 0.03981481481480003
1 0.36484375 0.19675925925900004 0.019270833333300055 0.03240740740739999
1 0.330729166667 0.20046296296300004 0.016666666666699942 0.02870370370370002
1 0.352083333333 0.239814814815 0.030208333333300055 0.046296296296299985
0 0.3453125 0.5324074074070001 0.028125 0.137037037037
0 0.7859375 0.29212962963 0.013541666666700062 0.05462962962960005
0 0.663802083333 0.23425925925900004 0.0140625 0.046296296296300006
1 0.863020833333 0.49444444444400004 0.140625 0.14629629629600002
1 0.427864583333 0.156018518519 0.013020833333300057 0.017592592592600015
1 0.43984375 0.15509259259300004 0.0109375 0.02314814814809999
1 0.44921875 0.165740740741 0.0140625 0.020370370370400005
