1 0.5796875 0.8611111111110001 0.18645833333300002 0.27037037037000006
1 0.73125 0.650462962963 0.209375 0.25833333333300007
1 0.55625 0.3856481481480001 0.10729166666699996 0.11388888888900005
1 0.42890625 0.403703703704 0.08802083333330006 0.13888888888899995
1 0.960677083333 0.406481481481 0.07552083333329994 0.0907407407407
0 0.308072916667 0.44907407407399996 0.028645833333300057 0.10740740740699999
1 0.4671875 0.29212962963 0.05416666666670006 0.08240740740740005
1 0.419270833333 0.325462962963 0.05729166666669994 0.058333333333299965
1 0.31953125 0.327314814815 0.04635416666670006 0.08240740740740005
1 0.435416666667 0.26388888888900003 0.040625 0.05740740740740002
1 0.3609375 0.251388888889 0.03229166666669994 0.0490740740741
1 0.317708333333 0.264814814815 0.042708333333300055 0.06296296296300002
1 0.41796875 0.241666666667 0.024479166666699942 0.04444444444440002
1 0.373958333333 0.214814814815 0.030208333333300055 0.0388888888889
1 0.40651041666699994 0.23425925925899999 0.025520833333300057 0.049999999999999975
1 0.465885416667 0.207407407407 0.03385416666669994 0.035185185185199974
1 0.433072916667 0.182407407407 0.0234375 0.03148148148150001
0 0.573958333333 0.229166666667 0.013541666666700062 0.0490740740741
1 0.440104166667 0.15509259259300004 0.011458333333300055 0.025
1 0.46015625 0.17037037037 0.015104166666699944 0.02777777777779999
1 0.4265625 0.153703703704 0.013541666666699944 0.02592592592589998
0 0.8651041666669999 0.31944444444400005 0.017708333333299936 0.0685185185185
0 0.61875 0.2125 0.010416666666700061 0.041666666666699985
0 0.528385416667 0.181018518519 0.008854166666669983 0.02870370370370002
