1 0.6724537037037037 0.625244140625 0.16666666666666666 0.18896484375
1 0.861304012345679 0.545166015625 0.22800925925925924 0.17529296875
1 0.29166666666666663 0.298095703125 0.13734567901234568 0.09619140625
1 0.09567901234567901 0.320068359375 0.08101851851851852 0.11572265625
1 0.7214506172839505 0.357666015625 0.28780864197530864 0.19677734375
1 0.3152006172839506 0.228759765625 0.08101851851851852 0.05029296875
1 0.4629629629629629 0.170166015625 0.026234567901234566 0.03857421875
1 0.5754243827160493 0.238525390625 0.0474537037037037 0.05126953125
1 0.6346450617283951 0.23828125 0.047839506172839504 0.0400390625
1 0.6450617283950617 0.208984375 0.03626543209876543 0.0322265625
1 0.6145833333333333 0.222412109375 0.032407407407407406 0.04248046875
1 0.5636574074074073 0.21484375 0.035493827160493825 0.0283203125
1 0.5999228395061728 0.202392578125 0.031635802469135804 0.02587890625
1 0.5462962962962963 0.205322265625 0.032407407407407406 0.04345703125
1 0.5869984567901234 0.188720703125 0.025848765432098762 0.02490234375
1 0.5584490740740741 0.17333984375 0.024305555555555552 0.0234375
1 0.5271990740740741 0.1728515625 0.025848765432098762 0.037109375
1 0.5154320987654321 0.133056640625 0.013888888888888888 0.01708984375
1 0.5025077160493827 0.1162109375 0.011188271604938271 0.0146484375
1 0.46219135802469136 0.11474609375 0.012345679012345678 0.013671875
1 0.4810956790123457 0.108642578125 0.009259259259259259 0.01025390625
1 0.4907407407407407 0.108154296875 0.006944444444444444 0.01025390625
1 0.532986111111111 0.15234375 0.01890432098765432 0.021484375
