1 0.120457848837 0.716259057971 0.10501453488399998 0.10190217391300002
1 0.0497819767442 0.8639039855070001 0.08139534883719998 0.12817028985500006
1 0.367914244186 0.704483695652 0.171875 0.19972826086999998
1 0.662245639535 0.630434782609 0.16896802325600002 0.1856884057969999
1 0.367914244186 0.913043478261 0.19658430232599997 0.17300724637699993
1 0.731286337209 0.8428442028990001 0.24963662790700003 0.24547101449300004
1 0.904614825581 0.654664855072 0.1900436046510002 0.187952898551
1 0.901707848837 0.386775362319 0.18931686046499996 0.12318840579700002
0 0.4894622093020001 0.453125 0.04142441860470007 0.11548913043500005
0 0.589026162791 0.415760869565 0.03779069767439993 0.10326086956499995
0 0.856831395349 0.475543478261 0.03415697674419993 0.125
1 0.841206395349 0.271286231884 0.1780523255810001 0.12137681159400003
