0 0.20625 0.905555555556 0.052083333333299994 0.1814814814810001
0 0.0567708333333 0.778240740741 0.04375 0.17314814814799995
1 0.436197916667 0.843055555556 0.19427083333299996 0.312037037037
1 0.4921875 0.550462962963 0.12395833333300003 0.20833333333300008
1 0.677083333333 0.554166666667 0.1854166666669999 0.19722222222199995
1 0.955208333333 0.527314814815 0.08645833333329994 0.10833333333300006
1 0.9609375 0.40879629629600006 0.07708333333329993 0.075
1 0.68359375 0.35000000000000003 0.09427083333329994 0.08518518518520003
1 0.312239583333 0.43981481481500007 0.07239583333330006 0.12592592592599994
1 0.425520833333 0.411574074074 0.08229166666669994 0.11944444444400001
1 0.49244791666699994 0.351851851852 0.05989583333330006 0.09259259259259997
1 0.313541666667 0.337037037037 0.04791666666669994 0.0777777777778
1 0.3828125 0.331018518519 0.05 0.07129629629629998
1 0.4671875 0.316666666667 0.04791666666669994 0.06666666666670004
1 0.455208333333 0.273611111111 0.05 0.06018518518520003
1 0.43203125 0.260648148148 0.03489583333329994 0.05277777777779999
1 0.378385416667 0.276388888889 0.04427083333330006 0.056481481481500014
1 0.41822916666699994 0.24537037037 0.027083333333300055 0.04814814814810002
1 0.359375 0.250925925926 0.030208333333300055 0.046296296296299985
1 0.318229166667 0.247685185185 0.0375 0.0490740740741
1 0.408333333333 0.22962962963000003 0.030208333333300055 0.04259259259259999
1 0.373697916667 0.21388888888900004 0.030729166666699944 0.03333333333330002
1 0.340625 0.226388888889 0.026041666666699943 0.03611111111109998
1 0.458333333333 0.168518518519 0.021875 0.02592592592589998
0 0.538541666667 0.183333333333 0.008333333333330018 0.03148148148150001
0 0.584114583333 0.199537037037 0.005729166666669982 0.03240740740739999
