0 0.17592592592592593 0.5458984375 0.05092592592592592 0.1552734375
1 0.4430941358024691 0.749755859375 0.19791666666666666 0.34033203125
1 0.49807098765432095 0.443115234375 0.11188271604938271 0.16943359375
1 0.3470293209876543 0.35595703125 0.19560185185185183 0.2666015625
1 0.6944444444444444 0.317138671875 0.10725308641975308 0.10986328125
1 0.5277777777777778 0.265869140625 0.07716049382716049 0.12060546875
1 0.4895833333333333 0.1875 0.034722222222222224 0.0458984375
1 0.544945987654321 0.1611328125 0.03510802469135802 0.041015625
1 0.7422839506172839 0.6474609375 0.28703703703703703 0.5478515625
1 0.6155478395061728 0.162841796875 0.02970679012345679 0.03466796875
1 0.6568287037037037 0.1611328125 0.02970679012345679 0.029296875
1 0.7092978395061728 0.167724609375 0.03279320987654321 0.03466796875
1 0.5003858024691358 0.097412109375 0.015432098765432098 0.01806640625
1 0.5686728395061728 0.059814453125 0.011574074074074073 0.01513671875
