1 0.527777777778 0.725341796875 0.17592592592599995 0.24853515625
1 0.663773148148 0.388671875 0.1485339506170001 0.1953125
1 0.3099922839509999 0.320068359375 0.08063271604939999 0.10693359375
1 0.35956790123499993 0.2431640625 0.0470679012346 0.0595703125
1 0.27064043209899996 0.246826171875 0.05902777777779997 0.07958984375
1 0.0740740740741 0.654296875 0.14814814814799998 0.27734375
1 0.107060185185 0.41748046875 0.12384259259299997 0.1474609375
1 0.161651234568 0.33935546875 0.09799382716049997 0.0986328125
1 0.15316358024700003 0.208984375 0.09104938271600001 0.0498046875
1 0.476273148148 0.165283203125 0.03587962962959998 0.03173828125
1 0.46817129629599996 0.13671875 0.023533950617299914 0.02734375
1 0.31674382716 0.199462890625 0.040123456790100036 0.04248046875
1 0.347608024691 0.165771484375 0.03626543209879999 0.02880859375
1 0.388310185185 0.142578125 0.051311728395099974 0.0732421875
1 0.435185185185 0.11767578125 0.020061728395099974 0.0234375
1 0.47299382715999994 0.104248046875 0.023148148148100074 0.02294921875
1 0.498070987654 0.09619140625 0.015432098765399992 0.017578125
1 0.448109567901 0.103271484375 0.01504629629629998 0.01708984375
0 0.602044753086 0.193359375 0.014274691357999953 0.052734375
0 0.6176697530859999 0.1943359375 0.012345679012300064 0.046875
0 0.568287037037 0.18115234375 0.014660493827199968 0.048828125
