1 0.86796875 0.813425925926 0.2526041666669999 0.34537037036999996
1 0.534895833333 0.714351851852 0.17604166666699997 0.3472222222220001
1 0.334895833333 0.693981481481 0.12708333333299998 0.2638888888890001
1 0.647135416667 0.571296296296 0.1609375 0.231481481481
1 0.574739583333 0.448611111111 0.09635416666670006 0.12314814814800004
1 0.33828125 0.45462962963 0.0703125 0.137037037037
1 0.41796875 0.3856481481480001 0.0734375 0.11388888888900005
1 0.50390625 0.363425925926 0.06510416666670006 0.0935185185185
1 0.317708333333 0.372222222222 0.059375 0.10185185185199996
1 0.635677083333 0.2791666666670001 0.0640625 0.06759259259259996
1 0.962239583333 0.405092592593 0.07447916666670006 0.08796296296300002
1 0.488020833333 0.22592592592600003 0.035416666666699945 0.04814814814809999
1 0.44296874999999997 0.156018518519 0.019270833333300055 0.036111111111100005
1 0.42473958333299994 0.156944444444 0.0171875 0.030555555555600033
0 0.789583333333 0.43981481481500007 0.025 0.10185185185199996
0 0.9080729166669999 0.340277777778 0.0203125 0.06944444444440002
0 0.537760416667 0.183333333333 0.008854166666669983 0.03518518518520003
0 0.522916666667 0.182407407407 0.008333333333330018 0.029629629629599998
0 0.502864583333 0.16944444444400003 0.008854166666669983 0.029629629629599998
1 0.386458333333 0.287962962963 0.04583333333330006 0.06481481481479998
1 0.462239583333 0.30740740740700007 0.05364583333330006 0.07222222222220001
1 0.438802083333 0.266203703704 0.041145833333300054 0.056481481481500014
1 0.415104166667 0.235185185185 0.03645833333330006 0.04814814814809999
1 0.39869791666699994 0.219907407407 0.028645833333300057 0.0398148148148
1 0.365364583333 0.248611111111 0.0359375 0.04722222222220001
1 0.367708333333 0.219907407407 0.026041666666699943 0.0398148148148
1 0.382552083333 0.199074074074 0.025520833333300057 0.03148148148150001
1 0.325260416667 0.218518518519 0.027604166666699945 0.029629629629599998
