1 0.19174382716049382 0.751220703125 0.21604938271604937 0.27001953125
1 0.455054012345679 0.7177734375 0.17939814814814814 0.23046875
1 0.33796296296296297 0.4169921875 0.10493827160493827 0.1142578125
1 0.5021219135802469 0.301025390625 0.08449074074074074 0.09326171875
1 0.45216049382716045 0.22021484375 0.051697530864197525 0.0595703125
1 0.5580632716049383 0.215576171875 0.05054012345679012 0.05322265625
1 0.5221836419753086 0.19384765625 0.03973765432098765 0.0517578125
1 0.4708719135802469 0.176513671875 0.03125 0.03662109375
1 0.7540509259259259 0.387939453125 0.1385030864197531 0.15087890625
1 0.9388503086419753 0.547607421875 0.12229938271604937 0.21044921875
1 0.8595679012345678 0.3857421875 0.08179012345679013 0.1005859375
1 0.6358024691358024 0.207275390625 0.04398148148148148 0.04638671875
1 0.6161265432098765 0.169677734375 0.037037037037037035 0.03369140625
1 0.6898148148148148 0.175537109375 0.07098765432098765 0.09912109375
1 0.7336033950617283 0.157470703125 0.04050925925925926 0.04736328125
1 0.5557484567901234 0.13427734375 0.03356481481481481 0.041015625
1 0.5241126543209876 0.138671875 0.028935185185185182 0.029296875
1 0.5210262345679012 0.1171875 0.02353395061728395 0.0185546875
1 0.5815972222222222 0.092529296875 0.025848765432098762 0.02587890625
1 0.5003858024691358 0.095458984375 0.017746913580246913 0.01513671875
1 0.7748842592592592 0.2568359375 0.07137345679012345 0.0576171875
