1 0.31809413580199997 0.661865234375 0.15162037037 0.21630859375
1 0.190779320988 0.859619140625 0.261188271605 0.27978515625
1 0.159529320988 0.496337890625 0.15547839506199998 0.22119140625
1 0.141396604938 0.3623046875 0.0976080246914 0.140625
1 0.337384259259 0.2568359375 0.06288580246910001 0.068359375
1 0.284529320988 0.22607421875 0.048225308641999955 0.0595703125
1 0.17496141975299995 0.206298828125 0.08912037037039999 0.05322265625
0 0.623456790123 0.26611328125 0.02237654320990005 0.064453125
0 0.5447530864199999 0.19775390625 0.015432098765399992 0.0498046875
0 0.575038580247 0.197509765625 0.018132716049400085 0.04833984375
0 0.6408179012349999 0.212646484375 0.015432098765399992 0.04443359375
0 0.633680555556 0.18798828125 0.01658950617280003 0.046875
0 0.652777777778 0.189208984375 0.016975308642000045 0.04150390625
1 0.387345679012 0.17626953125 0.037808641975299956 0.0400390625
1 0.331404320988 0.187255859375 0.04089506172839997 0.04638671875
1 0.363811728395 0.134521484375 0.026234567901200004 0.02978515625
1 0.454861111111 0.163330078125 0.03163580246910001 0.03857421875
1 0.447530864198 0.13916015625 0.02700617283950003 0.025390625
1 0.47550154320999993 0.107666015625 0.03433641975309993 0.05419921875
0 0.512152777778 0.1455078125 0.01195987654320005 0.0390625
1 0.437692901235 0.114990234375 0.025077160493799964 0.02880859375
1 0.44695216049399994 0.095947265625 0.01504629629629998 0.02197265625
1 0.38715277777800006 0.125244140625 0.025848765432100036 0.02978515625
1 0.29263117284 0.146728515625 0.06828703703700001 0.07568359375
1 0.34587191358 0.121337890625 0.018132716049399995 0.02490234375
1 0.49710648148099995 0.096923828125 0.01504629629629998 0.01611328125
1 0.494405864198 0.08740234375 0.014274691357999953 0.0166015625
1 0.440972222222 0.078125 0.013117283950599915 0.01171875
1 0.020254629629599997 0.514892578125 0.0389660493827 0.22509765625
