1 0.45370370370370366 0.667236328125 0.14814814814814814 0.24853515625
1 0.6496913580246914 0.580810546875 0.14969135802469136 0.20751953125
1 0.47723765432098764 0.47705078125 0.09876543209876543 0.1220703125
1 0.4535108024691358 0.3466796875 0.07600308641975308 0.08984375
1 0.5480324074074073 0.311767578125 0.07214506172839506 0.07177734375
1 0.9265046296296295 0.579345703125 0.14699074074074073 0.23193359375
0 0.6973379629629629 0.22900390625 0.013503086419753086 0.044921875
0 0.3586033950617284 0.276123046875 0.019675925925925923 0.06591796875
0 0.3013117283950617 0.2236328125 0.013117283950617283 0.041015625
0 0.41782407407407407 0.16943359375 0.010030864197530864 0.0341796875
0 0.43479938271604934 0.135498046875 0.009259259259259259 0.01904296875
1 0.644483024691358 0.246337890625 0.05285493827160494 0.05322265625
1 0.5102237654320987 0.25244140625 0.0466820987654321 0.064453125
1 0.4456018518518518 0.2236328125 0.042438271604938266 0.060546875
1 0.410108024691358 0.205078125 0.035493827160493825 0.041015625
1 0.4909336419753086 0.222900390625 0.04282407407407407 0.04833984375
1 0.4776234567901234 0.1943359375 0.032407407407407406 0.0263671875
1 0.4837962962962963 0.176025390625 0.027777777777777776 0.02392578125
1 0.4729938271604938 0.15771484375 0.019290123456790122 0.0234375
1 0.46604938271604934 0.127685546875 0.015432098765432098 0.01708984375
1 0.5584490740740741 0.21435546875 0.03973765432098765 0.0419921875
1 0.5711805555555555 0.173095703125 0.025848765432098762 0.03857421875
1 0.53491512345679 0.163330078125 0.022762345679012343 0.02490234375
1 0.5530478395061728 0.1572265625 0.02044753086419753 0.021484375
1 0.507716049382716 0.141845703125 0.016203703703703703 0.01904296875
1 0.5217978395061728 0.136962890625 0.015046296296296295 0.01708984375
1 0.49382716049382713 0.132080078125 0.012345679012345678 0.01708984375
1 0.5071373456790124 0.121337890625 0.011959876543209876 0.01611328125
1 0.4845679012345679 0.116943359375 0.010802469135802469 0.01220703125
