1 0.24192708333333332 0.6847222222220001 0.1984375 0.2712962962960001
1 0.09713541666666667 0.8791666666669999 0.1921875 0.21388888888899996
1 0.5231770833333333 0.674074074074 0.1734375 0.27037037037000006
1 0.3888020833333333 0.513888888889 0.12552083333333333 0.181481481481
1 0.68125 0.638425925926 0.121875 0.2027777777780001
1 0.709375 0.839351851852 0.190625 0.31944444444400005
1 0.46249999999999997 0.41666666666700003 0.1 0.12592592592599994
1 0.55859375 0.447222222222 0.0984375 0.14814814814800004
1 0.66171875 0.418518518519 0.06927083333333334 0.12592592592600005
1 0.59921875 0.367592592593 0.0671875 0.09629629629629999
1 0.50703125 0.347685185185 0.06614583333333333 0.07685185185189997
1 0.6880208333333333 0.350925925926 0.052083333333333336 0.07222222222220001
1 0.6192708333333333 0.323611111111 0.04895833333333333 0.06018518518520003
1 0.6856770833333333 0.293055555556 0.0421875 0.056481481481500014
1 0.5325520833333334 0.306944444444 0.05572916666666666 0.06759259259259996
1 0.5479166666666666 0.268981481481 0.04375 0.06203703703699998
1 0.6247395833333333 0.282407407407 0.050520833333333334 0.07407407407409997
1 0.3958333333333333 0.2717592592590001 0.06145833333333333 0.075
1 0.05911458333333333 0.584722222222 0.1171875 0.1657407407409999
0 0.27265625 0.462037037037 0.0328125 0.131481481481
0 0.646875 0.48564814814800006 0.03125 0.11388888888900005
0 0.14166666666666666 0.35462962963 0.01875 0.07962962962960006
1 0.039322916666666666 0.411574074074 0.0765625 0.0842592592593
1 0.5716145833333334 0.260648148148 0.0296875 0.054629629629600024
1 0.6424479166666667 0.248611111111 0.0328125 0.04351851851849999
1 0.5859375 0.23935185185200003 0.028125 0.0398148148148
1 0.58125 0.178240740741 0.025 0.030555555555600033
1 0.55625 0.16712962963000003 0.019791666666666666 0.03240740740739999
0 0.09661458333333334 0.336111111111 0.013020833333333334 0.07592592592590003
0 0.0703125 0.347222222222 0.014583333333333334 0.07407407407409997
1 0.6328125 0.2125 0.034375 0.037962962963000016
