1 0.6317515432098765 0.54736328125 0.1423611111111111 0.1708984375
1 0.46855709876543206 0.510009765625 0.1107253086419753 0.14501953125
0 0.8584104938271604 0.25634765625 0.012345679012345678 0.037109375
1 0.7376543209876543 0.276123046875 0.06095679012345678 0.06005859375
1 0.529320987654321 0.2939453125 0.05941358024691358 0.0654296875
1 0.4861111111111111 0.2236328125 0.04398148148148148 0.0537109375
1 0.6302083333333333 0.241943359375 0.0474537037037037 0.05126953125
1 0.5785108024691358 0.238525390625 0.04359567901234568 0.04541015625
1 0.6404320987654321 0.20947265625 0.03780864197530864 0.041015625
1 0.5979938271604938 0.2060546875 0.03780864197530864 0.0458984375
1 0.566358024691358 0.21923828125 0.03780864197530864 0.037109375
1 0.5495756172839505 0.20263671875 0.03356481481481481 0.044921875
1 0.5347222222222222 0.1875 0.029320987654320986 0.037109375
1 0.523341049382716 0.165771484375 0.027391975308641972 0.03076171875
1 0.5283564814814814 0.137451171875 0.016589506172839504 0.02197265625
1 0.5063657407407407 0.129150390625 0.028935185185185182 0.03466796875
1 0.48765432098765427 0.1171875 0.015432098765432098 0.0205078125
0 0.5501543209876543 0.154541015625 0.010030864197530864 0.02294921875
0 0.3308256172839506 0.270263671875 0.018132716049382713 0.05908203125
0 0.2951388888888889 0.274658203125 0.018518518518518517 0.06591796875
1 0.4481095679012345 0.171142578125 0.025848765432098762 0.02685546875
1 0.4739583333333333 0.1435546875 0.017361111111111112 0.0185546875
1 0.44791666666666663 0.141357421875 0.017746913580246913 0.02294921875
1 0.46855709876543206 0.12939453125 0.01427469135802469 0.015625
1 0.46739969135802467 0.12060546875 0.010416666666666666 0.01171875
1 0.47704475308641975 0.104736328125 0.011188271604938271 0.01220703125
