0 0.298697916667 0.866666666667 0.06510416666670003 0.22407407407399998
0 0.7015625 0.398611111111 0.025 0.106481481481
0 0.819010416667 0.293055555556 0.01822916666670006 0.06759259259259996
1 0.6171875 0.715740740741 0.24895833333300002 0.37962962962999997
1 0.75390625 0.492592592593 0.1723958333330001 0.15
1 0.96171875 0.40925925925900003 0.07552083333329994 0.0907407407407
1 0.5140625 0.414351851852 0.12083333333300003 0.11759259259299998
1 0.320833333333 0.483796296296 0.07708333333330006 0.14907407407399997
1 0.504166666667 0.327777777778 0.07916666666670007 0.09814814814809994
1 0.327604166667 0.305555555556 0.048958333333300054 0.10370370370400003
1 0.447916666667 0.281481481481 0.044791666666699946 0.07222222222220001
1 0.36875 0.265740740741 0.03541666666670006 0.05185185185189996
1 0.426822916667 0.253240740741 0.0328125 0.056481481481500014
1 0.40781249999999997 0.236111111111 0.027083333333300055 0.04814814814810002
1 0.39869791666699994 0.222685185185 0.0265625 0.036111111111100005
1 0.359114583333 0.241203703704 0.030729166666699944 0.04351851851849999
1 0.376302083333 0.21388888888900004 0.0296875 0.029629629629599998
1 0.384895833333 0.2 0.021875 0.02777777777779999
1 0.344270833333 0.231018518519 0.029166666666699943 0.03981481481480003
1 0.332552083333 0.214351851852 0.024479166666699942 0.03240740740739999
0 0.505208333333 0.19675925925900004 0.010416666666699943 0.036111111111100005
0 0.582552083333 0.196296296296 0.0078125 0.035185185185199974
0 0.537239583333 0.181481481481 0.006770833333330018 0.029629629629599998
1 0.442447916667 0.159259259259 0.018229166666699943 0.02777777777779999
1 0.4265625 0.15462962963 0.015625 0.02592592592589998
