1 0.6954089506169999 0.863525390625 0.2195216049379999 0.27197265625
1 0.45023148148099995 0.783935546875 0.16512345678999998 0.25341796875
1 0.269290123457 0.62744140625 0.16049382716000002 0.1875
1 0.48148148148099995 0.478759765625 0.11728395061699991 0.14990234375
1 0.640046296296 0.51708984375 0.11805555555599995 0.146484375
1 0.575038580247 0.3720703125 0.06983024691360007 0.0732421875
1 0.380787037037 0.37890625 0.10108024691399994 0.1083984375
1 0.49517746913599997 0.2978515625 0.0675154320988 0.0625
1 0.581983024691 0.29248046875 0.0675154320988 0.0732421875
1 0.579861111111 0.244384765625 0.057870370370400014 0.05029296875
1 0.5025077160489999 0.25830078125 0.050540123456799944 0.056640625
1 0.453125 0.21923828125 0.04128086419749998 0.0517578125
1 0.0831404320988 0.53759765625 0.16628086419799998 0.193359375
1 0.274884259259 0.347900390625 0.09143518518520001 0.09326171875
1 0.158757716049 0.29443359375 0.07523148148149998 0.05859375
1 0.24787808642 0.2900390625 0.06597222222220002 0.0576171875
1 0.234182098765 0.25244140625 0.05246913580250001 0.041015625
1 0.0626929012346 0.333984375 0.117669753086 0.18359375
1 0.336226851852 0.24462890625 0.0968364197531 0.1416015625
1 0.500192901235 0.20556640625 0.03819444444440005 0.037109375
1 0.579282407407 0.19921875 0.052854938271600024 0.0693359375
