1 0.62578125 0.777314814815 0.1390625 0.317592592593
1 0.41380208333333335 0.8032407407410002 0.21510416666666665 0.3620370370370001
1 0.2505208333333333 0.716666666667 0.21562499999999998 0.312962962963
1 0.359375 0.526388888889 0.13541666666666666 0.17129629629600004
1 0.4583333333333333 0.425 0.08229166666666667 0.12407407407399997
1 0.68046875 0.447222222222 0.0734375 0.13333333333299996
1 0.5838541666666667 0.38287037037 0.06875 0.10833333333299996
1 0.51015625 0.349074074074 0.06614583333333333 0.08888888888890005
1 0.03828125 0.406944444444 0.07447916666666667 0.08796296296300002
1 0.4778645833333333 0.22037037037000004 0.0390625 0.042592592592600016
1 0.5658854166666667 0.18888888888900002 0.0234375 0.03703703703699999
1 0.5559895833333334 0.15509259259300004 0.015104166666666667 0.026851851851900012
1 0.5713541666666666 0.150462962963 0.015625 0.02870370370370002
1 0.5393229166666667 0.293055555556 0.0484375 0.06574074074070001
1 0.5731770833333333 0.255092592593 0.034895833333333334 0.06203703703699998
1 0.6216145833333333 0.289351851852 0.044270833333333336 0.06759259259259996
1 0.5973958333333333 0.221296296296 0.026041666666666668 0.04814814814809999
1 0.6828125 0.232407407407 0.034375 0.05370370370369999
1 0.6536458333333334 0.216666666667 0.026041666666666668 0.046296296296299985
1 0.62421875 0.24629629629600003 0.04114583333333333 0.04259259259259999
1 0.6330729166666667 0.22222222222200003 0.0296875 0.03148148148150001
1 0.6184895833333334 0.19861111111100002 0.028645833333333332 0.030555555555599977
0 0.8583333333333333 0.4828703703700001 0.02395833333333333 0.10833333333300006
0 0.4778645833333333 0.181018518519 0.009895833333333333 0.03240740740739999
0 0.49192708333333335 0.172685185185 0.008854166666666666 0.02870370370370002
0 0.7546875 0.31898148148100003 0.009375 0.04722222222220001
