1 0.46624228395061723 0.64208984375 0.15007716049382716 0.1982421875
1 0.6765046296296295 0.62841796875 0.16242283950617284 0.23828125
0 0.13136574074074073 0.531494140625 0.04822530864197531 0.15380859375
0 0.269483024691358 0.436767578125 0.03356481481481481 0.11767578125
0 0.22743055555555555 0.41455078125 0.03665123456790123 0.119140625
0 0.35146604938271603 0.3955078125 0.03009259259259259 0.10546875
0 0.34953703703703703 0.29052734375 0.026234567901234566 0.083984375
1 0.9263117283950617 0.635009765625 0.14737654320987653 0.21533203125
0 0.8913966049382716 0.435791015625 0.03356481481481481 0.10693359375
0 0.42939814814814814 0.246337890625 0.019290123456790122 0.05908203125
0 0.3985339506172839 0.262451171875 0.018518518518518517 0.06689453125
0 0.2789351851851852 0.244140625 0.022376543209876542 0.0654296875
0 0.41840277777777773 0.206787109375 0.015817901234567902 0.04833984375
1 0.876736111111111 0.22021484375 0.08680555555555555 0.0458984375
1 0.8240740740740741 0.184326171875 0.03626543209876543 0.03271484375
1 0.7324459876543209 0.186279296875 0.04822530864197531 0.04443359375
1 0.6547067901234568 0.178466796875 0.034722222222222224 0.03564453125
1 0.6454475308641975 0.161376953125 0.032407407407407406 0.02978515625
1 0.6049382716049383 0.16015625 0.030864197530864196 0.03125
1 0.6846064814814814 0.152099609375 0.03125 0.03369140625
1 0.6576003086419753 0.1328125 0.02662037037037037 0.02734375
1 0.5987654320987654 0.13525390625 0.023148148148148147 0.0322265625
1 0.5345293209876543 0.1708984375 0.06520061728395062 0.08984375
1 0.5067515432098765 0.142578125 0.05131172839506173 0.0712890625
1 0.6222993827160493 0.10986328125 0.015432098765432098 0.0185546875
1 0.6026234567901234 0.10302734375 0.016203703703703703 0.017578125
1 0.5557484567901234 0.115966796875 0.018132716049382713 0.02099609375
1 0.4857253086419753 0.10400390625 0.019290123456790122 0.01953125
1 0.544945987654321 0.1044921875 0.018132716049382713 0.01953125
1 0.5655864197530864 0.105224609375 0.016975308641975308 0.01806640625
