1 0.4205729166666667 0.8611111111110001 0.1859375 0.27037037037000006
1 0.26875 0.650462962963 0.209375 0.25833333333300007
1 0.4440104166666667 0.3856481481480001 0.10781249999999999 0.11388888888900005
1 0.5713541666666666 0.403703703704 0.0875 0.13888888888899995
1 0.03984375 0.406481481481 0.07552083333333333 0.0907407407407
0 0.6919270833333333 0.44907407407399996 0.028645833333333332 0.10740740740699999
1 0.5330729166666667 0.29212962963 0.0546875 0.08240740740740005
1 0.58125 0.325462962963 0.057291666666666664 0.058333333333299965
1 0.6807291666666666 0.327314814815 0.046875 0.08240740740740005
1 0.5645833333333333 0.26388888888900003 0.040625 0.05740740740740002
1 0.6393229166666666 0.251388888889 0.0328125 0.0490740740741
1 0.6828125 0.264814814815 0.042708333333333334 0.06296296296300002
1 0.5822916666666667 0.241666666667 0.025 0.04444444444440002
1 0.6265625 0.214814814815 0.030208333333333334 0.0388888888889
1 0.5934895833333333 0.23425925925899999 0.025520833333333333 0.049999999999999975
1 0.5341145833333333 0.207407407407 0.033854166666666664 0.035185185185199974
1 0.5669270833333333 0.182407407407 0.0234375 0.03148148148150001
0 0.4265625 0.229166666667 0.013541666666666667 0.0490740740741
1 0.5598958333333334 0.15509259259300004 0.011458333333333333 0.025
1 0.5401041666666666 0.17037037037 0.015625 0.02777777777779999
1 0.5736979166666667 0.153703703704 0.0140625 0.02592592592589998
0 0.13489583333333333 0.31944444444400005 0.017708333333333333 0.0685185185185
0 0.3815104166666667 0.2125 0.0109375 0.041666666666699985
0 0.47161458333333334 0.181018518519 0.008854166666666666 0.02870370370370002
