1 0.5864825581395349 0.713994565217 0.15988372093023256 0.19972826086999998
1 0.2714389534883721 0.767889492754 0.1940406976744186 0.22327898550700007
1 0.08012354651162791 0.636322463768 0.1587936046511628 0.1856884057969999
1 0.3918968023255814 0.521059782609 0.12681686046511628 0.14175724637700005
1 0.5347020348837209 0.50928442029 0.12172965116279069 0.13088768115899999
1 0.3028706395348837 0.43048007246400005 0.09920058139534883 0.10190217391300002
1 0.311046511627907 0.358695652174 0.07994186046511628 0.09239130434780003
1 0.5465116279069767 0.401494565217 0.09011627906976744 0.09375
1 0.46984011627906974 0.354846014493 0.07485465116279069 0.08740942028989997
1 0.4193313953488372 0.310235507246 0.0690406976744186 0.06431159420289999
1 0.12009447674418605 0.41259057971 0.08757267441860465 0.11231884057999998
1 0.15661337209302326 0.32110507246400005 0.08284883720930232 0.07336956521739996
1 0.2636264534883721 0.310235507246 0.06649709302325581 0.060688405797100005
1 0.3012354651162791 0.264945652174 0.05377906976744186 0.048007246376799956
0 0.7307412790697674 0.457880434783 0.03997093023255814 0.11231884057999998
