1 0.5367647058823529 0.83203125 0.2246732026143791 0.2734375
1 0.20077614379084968 0.805419921875 0.2667483660130719 0.28369140625
0 0.4846813725490196 0.5068359375 0.05106209150326797 0.16015625
0 0.661968954248366 0.568115234375 0.04861111111111111 0.15380859375
0 0.7036356209150327 0.554931640625 0.051879084967320264 0.15869140625
1 0.5151143790849674 0.181396484375 0.03431372549019608 0.03564453125
1 0.5629084967320261 0.189453125 0.040032679738562095 0.0361328125
1 0.6693218954248367 0.2392578125 0.11968954248366014 0.0537109375
1 0.516748366013072 0.144775390625 0.024509803921568627 0.02978515625
1 0.9730392156862745 0.2529296875 0.05392156862745098 0.0556640625
