1 0.18359375 0.792592592593 0.2505208333333333 0.34444444444400013
1 0.36640625 0.481018518519 0.1765625 0.15833333333300006
1 0.24765625 0.428703703704 0.16614583333333333 0.131481481481
1 0.5572916666666666 0.555555555556 0.1375 0.22592592592600005
1 0.65234375 0.406944444444 0.0640625 0.12129629629599997
1 0.6052083333333333 0.321759259259 0.051041666666666666 0.08240740740740005
1 0.5515625 0.290277777778 0.05416666666666667 0.0842592592593
1 0.04088541666666667 0.402314814815 0.0796875 0.08611111111109995
0 0.8039062499999999 0.4481481481480001 0.0171875 0.09259259259259997
1 0.6760416666666667 0.314351851852 0.04375 0.07129629629629998
1 0.5736979166666667 0.26018518518500006 0.0328125 0.05370370370370002
1 0.5953125 0.236574074074 0.034375 0.05092592592589998
1 0.6690104166666666 0.248611111111 0.0296875 0.050925925925900006
1 0.61171875 0.20833333333300003 0.025520833333333333 0.03518518518520003
1 0.5481770833333334 0.19490740740700002 0.027604166666666666 0.026851851851900012
1 0.5606770833333333 0.175925925926 0.028645833333333332 0.02777777777779999
1 0.55703125 0.155555555556 0.0171875 0.024074074074100022
1 0.5723958333333333 0.155555555556 0.014583333333333334 0.029629629629599998
1 0.6442708333333333 0.21203703703700003 0.02395833333333333 0.0388888888889
1 0.6640625 0.20648148148100004 0.025 0.03703703703699999
1 0.6231770833333333 0.187962962963 0.018229166666666668 0.024074074074100022
0 0.41640625 0.197222222222 0.0078125 0.040740740740700006
0 0.47630208333333335 0.181018518519 0.0078125 0.03240740740739999
0 0.4986979166666667 0.184722222222 0.0078125 0.036111111111100005
0 0.3765625 0.241666666667 0.011458333333333333 0.046296296296299985
