0 0.25887345679 0.447265625 0.032407407407400037 0.1171875
0 0.321759259259 0.3525390625 0.03009259259259996 0.08203125
0 0.3256172839509999 0.300537109375 0.022376543209899964 0.06591796875
0 0.7135416666669999 0.3857421875 0.029706790123499947 0.095703125
0 0.8049768518519999 0.407470703125 0.029706790123499947 0.09228515625
0 0.838348765432 0.268310546875 0.014660493827200144 0.06201171875
0 0.8532021604939999 0.263916015625 0.016589506172799855 0.05615234375
1 0.536458333333 0.30908203125 0.06828703703700001 0.0732421875
1 0.23977623456799999 0.2861328125 0.06597222222220002 0.068359375
1 0.309220679012 0.236083984375 0.048225308641999955 0.04931640625
1 0.364776234568 0.241943359375 0.052083333333299994 0.05224609375
1 0.42418981481499995 0.23876953125 0.04668209876539999 0.0546875
1 0.38695987654299996 0.221435546875 0.033950617284 0.04052734375
1 0.37307098765399993 0.187255859375 0.032407407407400037 0.04150390625
1 0.40162037037 0.202880859375 0.03163580246910001 0.02880859375
1 0.409529320988 0.18994140625 0.0366512345679 0.0322265625
1 0.438078703704 0.220458984375 0.03742283950620003 0.04150390625
1 0.45505401234599996 0.203857421875 0.03510802469139995 0.04638671875
1 0.43287037037 0.169921875 0.029320987654299933 0.02734375
1 0.467399691358 0.186767578125 0.03202160493830002 0.02978515625
1 0.47974537037 0.166015625 0.02893518518519992 0.03515625
1 0.511574074074 0.217529296875 0.040123456790099946 0.04345703125
1 0.557291666667 0.171875 0.025077160493799964 0.02734375
1 0.522955246914 0.16259765625 0.021990740740700038 0.021484375
1 0.54899691358 0.150634765625 0.021604938271600024 0.02294921875
1 0.5279706790119999 0.146728515625 0.01658950617280003 0.01806640625
1 0.5283564814809999 0.134521484375 0.014274691357999953 0.01123046875
1 0.553047839506 0.118408203125 0.011188271604900024 0.01416015625
1 0.550154320988 0.13525390625 0.016203703703700018 0.0146484375
1 0.534529320988 0.119873046875 0.014274691357999953 0.01318359375
