0 0.8890625 0.574074074074 0.029166666666666667 0.14259259259299997
0 0.17890625 0.43287037037000003 0.015104166666666667 0.06944444444440002
0 0.16666666666666666 0.41666666666700003 0.01875 0.08703703703699998
0 0.46171875 0.187037037037 0.0109375 0.03333333333330002
1 0.21562499999999998 0.509722222222 0.184375 0.16574074074099995
1 0.45546875 0.391203703704 0.1046875 0.106481481481
1 0.5166666666666666 0.328703703704 0.065625 0.08518518518520003
1 0.57109375 0.293981481481 0.04635416666666667 0.06574074074070001
1 0.6875 0.22453703703699998 0.025 0.03796296296299999
1 0.6372395833333333 0.19861111111100002 0.0265625 0.03240740740739999
1 0.6247395833333333 0.180092592593 0.03177083333333333 0.026851851851900012
1 0.5729166666666666 0.154166666667 0.0125 0.017592592592600015
1 0.5591145833333333 0.152314814815 0.015104166666666667 0.025
1 0.54921875 0.164351851852 0.01614583333333333 0.02314814814809999
0 0.39921875 0.23425925925899999 0.01614583333333333 0.044444444444399996
