1 0.6854166666666667 0.9060185185190001 0.128125 0.18611111111100007
1 0.3723958333333333 0.8962962962960002 0.21979166666666666 0.20555555555599989
1 0.07265625 0.9342592592590001 0.14322916666666666 0.12407407407400008
1 0.6953125 0.659259259259 0.13645833333333332 0.287037037037
1 0.5255208333333333 0.627314814815 0.13854166666666667 0.25092592592600005
1 0.23906249999999998 0.748148148148 0.209375 0.2907407407409999
1 0.32421875 0.519444444444 0.18489583333333334 0.18888888888900005
1 0.434375 0.417592592593 0.09479166666666666 0.13518518518500003
1 0.6786458333333333 0.47962962963 0.08125 0.13518518518499997
1 0.5716145833333334 0.437962962963 0.0859375 0.144444444444
1 0.6653645833333334 0.375 0.06302083333333333 0.08888888888890005
1 0.54375 0.372222222222 0.10104166666666667 0.10555555555599999
1 0.5028645833333333 0.343981481481 0.0671875 0.08055555555559998
1 0.53359375 0.303703703704 0.0546875 0.06111111111109996
1 0.6755208333333333 0.31712962963 0.04375 0.06759259259259996
1 0.6794270833333333 0.2791666666670001 0.0359375 0.039814814814799974
1 0.5984375 0.328240740741 0.05 0.08611111111109995
1 0.6231770833333333 0.293981481481 0.043229166666666666 0.06574074074070001
1 0.6200520833333333 0.2625 0.03802083333333333 0.04166666666670004
1 0.55859375 0.2791666666670001 0.0390625 0.05462962962960005
1 0.5729166666666666 0.251851851852 0.034375 0.046296296296299985
1 0.58671875 0.23101851851900002 0.0296875 0.04351851851850002
1 0.634375 0.24444444444399996 0.030208333333333334 0.04259259259259999
1 0.6002604166666666 0.22037037037 0.0265625 0.04074074074069998
1 0.6328125 0.220833333333 0.025 0.0342592592593
1 0.6653645833333334 0.237962962963 0.033854166666666664 0.03888888888890002
1 0.6703125 0.219907407407 0.029166666666666667 0.0342592592593
1 0.61796875 0.198148148148 0.0234375 0.029629629629599998
1 0.6606770833333333 0.200925925926 0.018229166666666668 0.020370370370400005
1 0.5736979166666667 0.156018518519 0.0140625 0.019444444444400022
1 0.5559895833333334 0.159259259259 0.0171875 0.029629629629599998
1 0.41484375 0.25555555555600007 0.0390625 0.04444444444440002
1 0.039322916666666666 0.406481481481 0.0765625 0.08148148148150001
0 0.3453125 0.22407407407400004 0.015625 0.046296296296299985
0 0.22604166666666667 0.281481481481 0.0125 0.06111111111109996
0 0.21197916666666666 0.281481481481 0.0125 0.05370370370370002
0 0.4770833333333333 0.18055555555600003 0.00625 0.02777777777779999
0 0.24895833333333334 0.287037037037 0.013541666666666667 0.0592592592593
0 0.8286458333333333 0.390740740741 0.016666666666666666 0.0907407407407
0 0.8033854166666666 0.393518518519 0.0171875 0.0907407407407
0 0.7083333333333334 0.269444444444 0.0125 0.05
