0 0.42418981481499995 0.729736328125 0.050540123456799944 0.19677734375
0 0.366319444444 0.465087890625 0.03587962962959998 0.12841796875
0 0.39409722222199994 0.39697265625 0.03356481481479999 0.111328125
0 0.445987654321 0.4658203125 0.04089506172839997 0.1201171875
0 0.49112654320999993 0.43896484375 0.032407407407400037 0.119140625
0 0.11246141975299999 0.48486328125 0.0420524691358 0.130859375
0 0.226466049383 0.39794921875 0.033950617284 0.09765625
0 0.0426311728395 0.40185546875 0.03279320987650001 0.10546875
0 0.28414351851899994 0.241455078125 0.017361111111099968 0.06884765625
1 0.52237654321 0.6513671875 0.14351851851899994 0.1982421875
1 0.8694058641979999 0.7978515625 0.24884259259299996 0.4033203125
0 0.265432098765 0.21142578125 0.013117283950600002 0.044921875
1 0.16493055555599997 0.216796875 0.08217592592590002 0.04296875
1 0.174189814815 0.18603515625 0.03356481481479999 0.033203125
1 0.29899691358 0.17578125 0.040123456790100036 0.0419921875
1 0.354938271605 0.1669921875 0.03009259259259996 0.0400390625
1 0.392168209877 0.1708984375 0.028935185185200007 0.03515625
1 0.357638888889 0.14599609375 0.034722222222200026 0.0419921875
1 0.384452160494 0.12939453125 0.019675925925899958 0.0244140625
1 0.368441358025 0.12255859375 0.013888888888900029 0.01953125
1 0.38753858024699994 0.104248046875 0.01813271604940004 0.01904296875
0 0.5538194444439999 0.193359375 0.01504629629629998 0.0458984375
0 0.48128858024699994 0.11767578125 0.008101851851849922 0.0234375
1 0.456404320988 0.10009765625 0.029320987654299933 0.0390625
1 0.515625 0.10595703125 0.019675925925899958 0.0224609375
1 0.494598765432 0.099365234375 0.020061728395099974 0.01513671875
1 0.40567129629599996 0.086181640625 0.01195987654320005 0.01220703125
