0 0.5440104166666666 0.79537037037 0.0484375 0.1962962962960001
0 0.43072916666666666 0.819907407407 0.04375 0.2027777777779999
0 0.65078125 0.593055555556 0.0484375 0.17314814814799995
1 0.7026041666666667 0.8222222222220001 0.18125 0.3240740740740001
1 0.5234375 0.670833333333 0.16145833333333334 0.2638888888890001
1 0.09921875 0.88287037037 0.19635416666666666 0.22129629629599998
1 0.24817708333333333 0.681944444444 0.19010416666666666 0.25833333333300007
1 0.3859375 0.50787037037 0.128125 0.16574074074100006
1 0.5606770833333333 0.45046296296300004 0.09010416666666667 0.15462962963000002
1 0.46979166666666666 0.413425925926 0.090625 0.12685185185200007
1 0.6122395833333333 0.313425925926 0.05677083333333333 0.08055555555559998
1 0.49296875 0.3342592592590001 0.0671875 0.08518518518520003
1 0.5325520833333334 0.314351851852 0.05364583333333333 0.08611111111109995
1 0.67578125 0.29212962963 0.04739583333333333 0.06203703703699998
1 0.040625 0.41296296296300006 0.07916666666666666 0.08703703703699998
0 0.1875 0.34675925925900003 0.017708333333333333 0.06759259259259996
0 0.221875 0.328240740741 0.020833333333333332 0.07314814814810004
0 0.346875 0.28750000000000003 0.01875 0.06203703703699998
0 0.37109375 0.250462962963 0.0140625 0.05277777777779999
0 0.22708333333333333 0.27037037037 0.013541666666666667 0.05370370370370002
0 0.27838541666666666 0.253240740741 0.0140625 0.054629629629600024
1 0.565625 0.187037037037 0.021875 0.03148148148150001
1 0.55625 0.285185185185 0.040625 0.06666666666670004
1 0.5708333333333333 0.260648148148 0.0375 0.050925925925900006
1 0.5890625 0.24629629629600003 0.03333333333333333 0.05
1 0.5989583333333334 0.224537037037 0.028125 0.03981481481480003
1 0.6518229166666667 0.228703703704 0.0328125 0.0388888888889
1 0.61328125 0.201388888889 0.022395833333333334 0.036111111111100005
1 0.6377604166666666 0.19212962963 0.0234375 0.036111111111100005
1 0.5567708333333333 0.158796296296 0.01875 0.03240740740739999
1 0.5739583333333333 0.152777777778 0.015625 0.024074074074100022
0 0.4786458333333333 0.17870370370400002 0.008333333333333333 0.03333333333330002
0 0.4984375 0.169907407407 0.007291666666666667 0.030555555555600033
0 0.4453125 0.187962962963 0.009375 0.03703703703699999
0 0.42734374999999997 0.193981481481 0.0078125 0.0342592592593
0 0.3890625 0.211111111111 0.009375 0.0388888888889
