1 0.7382330246909999 0.616943359375 0.17939814814799998 0.19384765625
1 0.564043209877 0.779296875 0.20756172839499995 0.2900390625
1 0.309220679012 0.66259765625 0.15547839506199998 0.2001953125
1 0.186149691358 0.861083984375 0.26195987654299996 0.26708984375
1 0.190393518519 0.287841796875 0.17554012345699999 0.21630859375
1 0.480324074074 0.149169921875 0.032407407407400037 0.03662109375
0 0.671296296296 0.336181640625 0.03626543209879999 0.09619140625
1 0.38695987654299996 0.15869140625 0.027006172839499985 0.0322265625
1 0.291087962963 0.169921875 0.03510802469139995 0.03125
1 0.37673611111099997 0.126220703125 0.021990740740700038 0.02490234375
1 0.0914351851852 0.171630859375 0.0671296296296 0.03466796875
1 0.143904320988 0.165771484375 0.04938271604939999 0.02685546875
1 0.350308641975 0.1142578125 0.023148148148099987 0.021484375
0 0.580054012346 0.196044921875 0.01504629629629998 0.05224609375
0 0.579282407407 0.195068359375 0.01504629629629998 0.05224609375
0 0.636766975309 0.217041015625 0.015817901234600005 0.04150390625
0 0.620563271605 0.19091796875 0.012731481481500077 0.044921875
0 0.6344521604939999 0.18701171875 0.01195987654320005 0.0419921875
0 0.5123456790119999 0.140625 0.011574074074100039 0.03515625
1 0.445408950617 0.119384765625 0.023533950617299914 0.03173828125
1 0.497492283951 0.095458984375 0.01504629629629998 0.01611328125
1 0.492862654321 0.088134765625 0.014274691357999953 0.01416015625
1 0.443479938272 0.077392578125 0.01658950617280003 0.02392578125
1 0.39429012345700004 0.090576171875 0.014660493827200012 0.01611328125
1 0.463155864198 0.080810546875 0.01195987654320005 0.01416015625
1 0.42554012345699993 0.08251953125 0.013888888888899942 0.013671875
