0 0.891975308642 0.4453125 0.038580246913599896 0.1279296875
1 0.263888888889 0.356201171875 0.08950617283950003 0.10205078125
0 0.0472608024691 0.32080078125 0.02584876543209999 0.064453125
1 0.0663580246914 0.227294921875 0.0887345679012 0.04931640625
1 0.173804012346 0.185546875 0.03125 0.0380859375
1 0.366705246914 0.219970703125 0.047453703703700015 0.05029296875
1 0.29899691358 0.227294921875 0.05401234567899997 0.04931640625
1 0.255208333333 0.1748046875 0.10918209876499997 0.083984375
1 0.3385416666669999 0.194091796875 0.03587962962959998 0.04150390625
1 0.390046296296 0.173583984375 0.02932098765430002 0.03466796875
1 0.351658950617 0.16650390625 0.029706790123500033 0.03125
1 0.39737654320999993 0.154296875 0.023148148148100033 0.025390625
1 0.403935185185 0.142333984375 0.02546296296299998 0.02490234375
1 0.31269290123499993 0.166259765625 0.021990740740700038 0.03857421875
1 0.36111111111099997 0.1533203125 0.026234567901200004 0.02734375
1 0.373263888889 0.131591796875 0.025077160493799964 0.02685546875
0 0.008680555555559999 0.439208984375 0.0158179012346 0.10595703125
1 0.5036651234569999 0.32763671875 0.06905864197530004 0.095703125
0 0.657214506173 0.25439453125 0.023533950617299914 0.060546875
0 0.599151234568 0.207763671875 0.016203703703700018 0.05029296875
1 0.4888117283949999 0.265625 0.06095679012349994 0.0556640625
1 0.495563271605 0.214111328125 0.052083333333299994 0.05810546875
1 0.486111111111 0.180419921875 0.03858024691360007 0.03564453125
1 0.48321759259299996 0.15234375 0.030478395061699973 0.0283203125
0 0.555169753086 0.18017578125 0.013888888888899942 0.0380859375
0 0.456404320988 0.135498046875 0.023148148148100074 0.02294921875
0 0.44733796296299994 0.12548828125 0.02430555555559994 0.021484375
0 0.47145061728399995 0.10595703125 0.03163580246910001 0.04296875
0 0.514274691358 0.102294921875 0.020061728395099974 0.01904296875
0 0.430555555556 0.087158203125 0.012345679012300064 0.01513671875
