0 0.824459876543 0.5458984375 0.05092592592589996 0.1552734375
1 0.5569058641979999 0.749755859375 0.197916666667 0.34033203125
1 0.501929012346 0.443115234375 0.11188271604900007 0.16943359375
1 0.653163580247 0.35595703125 0.1952160493829999 0.2666015625
1 0.305555555556 0.317138671875 0.10725308642000002 0.10986328125
1 0.472608024691 0.265869140625 0.07716049382719996 0.12060546875
1 0.510416666667 0.1875 0.034722222222199936 0.0458984375
1 0.45505401234599996 0.1611328125 0.03510802469139995 0.041015625
1 0.25771604938299997 0.6474609375 0.287037037037 0.5478515625
1 0.384452160494 0.162841796875 0.029706790123500033 0.03466796875
1 0.343557098765 0.1611328125 0.029706790123500033 0.029296875
1 0.290702160494 0.167724609375 0.03279320987649996 0.03466796875
1 0.49961419753099995 0.097412109375 0.015432098765399992 0.01806640625
1 0.43132716049399994 0.059814453125 0.011574074074100039 0.01513671875
