1 0.7399691358024691 0.79296875 0.20987654320987653 0.271484375
1 0.5050154320987654 0.500244140625 0.13271604938271603 0.18603515625
1 0.4585262345679012 0.31787109375 0.09297839506172839 0.166015625
1 0.8196373456790123 0.37890625 0.1107253086419753 0.1416015625
0 0.09876543209876543 0.40576171875 0.038580246913580245 0.09765625
0 0.864969135802469 0.289306640625 0.015432098765432098 0.06005859375
1 0.5297067901234568 0.292724609375 0.05864197530864197 0.07080078125
1 0.660108024691358 0.263671875 0.051697530864197525 0.0556640625
1 0.5763888888888888 0.2373046875 0.0470679012345679 0.0546875
1 0.6660879629629629 0.2275390625 0.04436728395061728 0.041015625
1 0.5098379629629629 0.2412109375 0.05054012345679012 0.044921875
1 0.5785108024691358 0.172607421875 0.027391975308641972 0.02587890625
1 0.5235339506172839 0.170654296875 0.024691358024691357 0.02685546875
1 0.5540123456790124 0.156982421875 0.021604938271604937 0.02294921875
1 0.5096450617283951 0.15771484375 0.019290123456790122 0.02734375
1 0.532986111111111 0.139404296875 0.018132716049382713 0.02685546875
1 0.4388503086419753 0.234130859375 0.03819444444444444 0.03857421875
1 0.4571759259259259 0.22119140625 0.033950617283950615 0.033203125
1 0.4535108024691358 0.197998046875 0.03356481481481481 0.03173828125
1 0.488233024691358 0.185302734375 0.028935185185185182 0.03076171875
1 0.47955246913580246 0.164794921875 0.023148148148148147 0.02783203125
1 0.453125 0.1650390625 0.02662037037037037 0.03515625
1 0.5030864197530864 0.138671875 0.016203703703703703 0.017578125
1 0.4735725308641975 0.14208984375 0.015046296296296295 0.017578125
1 0.44521604938271603 0.14453125 0.016203703703703703 0.0185546875
1 0.46701388888888884 0.129638671875 0.01273148148148148 0.01416015625
1 0.5094521604938271 0.125244140625 0.01273148148148148 0.01513671875
1 0.5001929012345678 0.1181640625 0.01427469135802469 0.015625
1 0.4861111111111111 0.114990234375 0.012345679012345678 0.01318359375
0 0.43267746913580246 0.182373046875 0.011188271604938271 0.03173828125
0 0.4255401234567901 0.1494140625 0.009259259259259259 0.0263671875
