1 0.47453703703703703 0.591796875 0.1419753086419753 0.2255859375
1 0.6730324074074073 0.621337890625 0.16010802469135801 0.19384765625
1 0.5081018518518519 0.8642578125 0.18209876543209874 0.2578125
1 0.7993827160493827 0.943603515625 0.24459876543209874 0.11181640625
0 0.06944444444444445 0.477294921875 0.03626543209876543 0.14013671875
1 0.4274691358024691 0.336181640625 0.1419753086419753 0.07470703125
1 0.1091820987654321 0.329345703125 0.16666666666666666 0.08837890625
1 0.43267746913580246 0.297119140625 0.1253858024691358 0.05810546875
1 0.6873070987654321 0.28515625 0.0636574074074074 0.0732421875
1 0.7445987654320987 0.274169921875 0.05555555555555555 0.06396484375
1 0.5534336419753086 0.2607421875 0.06751543209876543 0.0751953125
1 0.6161265432098765 0.220703125 0.041666666666666664 0.0439453125
0 0.27989969135802467 0.269287109375 0.022762345679012343 0.06884765625
1 0.2881944444444444 0.22998046875 0.10185185185185185 0.056640625
1 0.4444444444444444 0.19287109375 0.031635802469135804 0.03515625
0 0.3813657407407407 0.266357421875 0.018132716049382713 0.05810546875
1 0.5773533950617283 0.181396484375 0.03047839506172839 0.03271484375
1 0.5044367283950617 0.141845703125 0.017361111111111112 0.01806640625
1 0.46932870370370366 0.16357421875 0.02199074074074074 0.0263671875
0 0.4268904320987654 0.16650390625 0.010416666666666666 0.02734375
1 0.4540895061728395 0.131591796875 0.013888888888888888 0.01806640625
1 0.5306712962962963 0.128662109375 0.03047839506172839 0.04052734375
1 0.4837962962962963 0.112548828125 0.010802469135802469 0.01318359375
1 0.5005787037037037 0.129638671875 0.013503086419753086 0.01513671875
1 0.46161265432098764 0.12451171875 0.01273148148148148 0.013671875
1 0.4949845679012345 0.1171875 0.012345679012345678 0.0185546875
1 0.5034722222222222 0.123291015625 0.010802469135802469 0.01416015625
