1 0.39480377907 0.676403985507 0.15806686046499996 0.17527173913000002
1 0.660610465116 0.631114130435 0.17296511627900002 0.17164855072499996
1 0.922783430233 0.628170289855 0.15370639534900013 0.1748188405799999
1 0.501998546512 0.42730978260899993 0.11664244185999996 0.11367753623199996
1 0.620457848837 0.46240942029 0.11010174418599991 0.13134057970999993
1 0.919331395349 0.445199275362 0.10901162790699988 0.09692028985509996
1 0.868459302326 0.349411231884 0.09302325581400009 0.07653985507250002
1 0.54324127907 0.35009057971 0.09156976744189996 0.06884057971010003
1 0.62917877907 0.300045289855 0.06795058139529993 0.07472826086960002
1 0.688771802326 0.86231884058 0.27434593023299997 0.2309782608700001
1 0.680414244186 0.39696557971 0.08030523255810004 0.06567028985509996
0 0.273800872093 0.45652173913 0.03888081395350002 0.11231884057999998
1 0.706940406977 0.331295289855 0.07013081395349993 0.06204710144929997
