1 0.70078125 0.8875000000000001 0.15989583333333332 0.22314814814799994
1 0.09947916666666666 0.8796296296300001 0.196875 0.22962962962999997
1 0.30546875 0.595833333333 0.16927083333333334 0.237962962963
1 0.4921875 0.496296296296 0.13020833333333334 0.22777777777800007
1 0.6143229166666666 0.5157407407410001 0.0984375 0.17777777777799994
1 0.69140625 0.386574074074 0.06614583333333333 0.14722222222200002
1 0.6106770833333334 0.32685185185200005 0.0640625 0.10370370370400003
1 0.5216145833333333 0.337037037037 0.06822916666666666 0.0907407407407
1 0.04088541666666667 0.409722222222 0.0796875 0.08055555555559998
0 0.8507812499999999 0.714814814815 0.03802083333333333 0.18518518518499993
0 0.8294270833333334 0.6847222222220001 0.0390625 0.17500000000000002
1 0.54609375 0.286111111111 0.0453125 0.06296296296300002
1 0.5846354166666666 0.25462962963 0.0390625 0.051851851851899985
1 0.6 0.221759259259 0.025 0.0398148148148
1 0.6234375 0.19212962963 0.025 0.02870370370370002
1 0.6502604166666667 0.198148148148 0.0234375 0.02777777777779999
1 0.6760416666666667 0.193981481481 0.028125 0.02870370370370002
1 0.5026041666666666 0.21944444444400002 0.040625 0.05000000000000003
1 0.5572916666666666 0.159259259259 0.01875 0.029629629629599998
1 0.5744791666666667 0.153703703704 0.015625 0.02222222222220001
0 0.36875 0.21574074074100003 0.011458333333333333 0.04259259259259999
0 0.19739583333333333 0.29583333333300005 0.015625 0.06759259259259996
0 0.271875 0.261111111111 0.009375 0.05555555555559998
0 0.22682291666666665 0.273148148148 0.0109375 0.05555555555559998
0 0.47760416666666666 0.18055555555600003 0.00625 0.03148148148150001
