1 0.7625000000000001 0.613194444444 0.1765625 0.19861111111099997
1 0.7253906250000001 0.45277777777800005 0.14453125 0.13333333333300001
0 0.833984375 0.413194444444 0.02890625 0.1125
1 0.9421875000000001 0.5555555555560001 0.11093750000000001 0.166666666667
1 0.508203125 0.401388888889 0.16015625 0.275
1 0.5109375 0.586111111111 0.15000000000000002 0.2
1 0.47382812500000004 0.8375 0.21796875000000002 0.30833333333299995
1 0.26992187500000003 0.527083333333 0.14765625000000002 0.17361111111099994
1 0.17500000000000002 0.688194444444 0.18125000000000002 0.21527777777799995
0 0.60546875 0.251388888889 0.0203125 0.08611111111109998
1 0.6273437500000001 0.218055555556 0.1421875 0.07222222222220004
1 0.9625 0.21944444444400002 0.07187500000000001 0.0694444444444
1 0.736328125 0.13125 0.07734375 0.0597222222222
1 0.582421875 0.147916666667 0.08046875 0.106944444444
