1 0.512152777778 0.593017578125 0.12770061728399992 0.23193359375
1 0.25424382716 0.813720703125 0.229166666667 0.29150390625
1 0.10358796296299999 0.581787109375 0.200231481481 0.19677734375
1 0.13966049382699997 0.44970703125 0.14737654321000002 0.125
0 0.09799382716049998 0.3466796875 0.027777777777800012 0.0654296875
0 0.492283950617 0.258544921875 0.017746913580200068 0.05615234375
1 0.420910493827 0.2412109375 0.040123456790099946 0.0458984375
1 0.367283950617 0.240966796875 0.04629629629629998 0.04541015625
1 0.305362654321 0.245361328125 0.052854938271600024 0.05419921875
1 0.328510802469 0.232666015625 0.04128086419749998 0.04931640625
1 0.435185185185 0.22119140625 0.03626543209879999 0.0400390625
1 0.45023148148099995 0.2041015625 0.035493827160499966 0.046875
1 0.46527777777799995 0.18798828125 0.033950617283999916 0.037109375
1 0.471836419753 0.17333984375 0.026234567901200004 0.03125
1 0.393711419753 0.211669921875 0.03896604938270004 0.04541015625
1 0.343171296296 0.202392578125 0.04050925925929996 0.04638671875
1 0.44251543209899996 0.1728515625 0.029320987654299933 0.029296875
1 0.447723765432 0.150634765625 0.020447530864199984 0.02197265625
1 0.469521604938 0.137451171875 0.019290123456799948 0.02099609375
1 0.40316358024699994 0.18115234375 0.03626543209879999 0.0302734375
1 0.797260802469 0.225341796875 0.12615740740700002 0.08154296875
