1 0.46682098765432095 0.857421875 0.21296296296296297 0.2841796875
1 0.306520061728395 0.4072265625 0.23958333333333331 0.3203125
0 0.05709876543209876 0.7060546875 0.05401234567901234 0.1650390625
0 0.9828317901234568 0.419921875 0.02816358024691358 0.091796875
1 0.48418209876543206 0.224609375 0.047839506172839504 0.052734375
1 0.5403163580246914 0.19921875 0.04128086419753086 0.0439453125
1 0.5378086419753086 0.161376953125 0.02546296296296296 0.03564453125
1 0.5108024691358024 0.137939453125 0.02700617283950617 0.02783203125
1 0.548611111111111 0.13818359375 0.02546296296296296 0.029296875
1 0.566358024691358 0.100830078125 0.019290123456790122 0.01806640625
1 0.48398919753086417 0.1044921875 0.018132716049382713 0.017578125
1 0.5082947530864197 0.09912109375 0.017361111111111112 0.0205078125
1 0.8261959876543209 0.184814453125 0.02970679012345679 0.03173828125
1 0.6570216049382716 0.170654296875 0.032407407407407406 0.03271484375
1 0.6134259259259259 0.16650390625 0.030864197530864196 0.033203125
1 0.6844135802469136 0.158447265625 0.02700617283950617 0.02880859375
1 0.6743827160493827 0.1455078125 0.022376543209876542 0.0234375
1 0.6417824074074073 0.16064453125 0.024305555555555552 0.0244140625
1 0.6039737654320987 0.152587890625 0.02507716049382716 0.02880859375
1 0.6674382716049382 0.12548828125 0.045524691358024685 0.044921875
