1 0.423032407407 0.425537109375 0.0991512345679 0.10986328125
1 0.596643518519 0.7451171875 0.4602623456789999 0.5078125
1 0.475308641975 0.289794921875 0.05632716049379996 0.06787109375
0 0.907021604938 0.265625 0.017746913580199895 0.052734375
0 0.6863425925929999 0.27001953125 0.017746913580200068 0.0546875
0 0.596836419753 0.222412109375 0.013888888888899942 0.04638671875
1 0.497492283951 0.235595703125 0.04436728395059991 0.04833984375
1 0.517554012346 0.1962890625 0.03587962962959998 0.037109375
1 0.420910493827 0.23876953125 0.040123456790099946 0.0458984375
1 0.434799382716 0.216796875 0.037808641975300046 0.041015625
1 0.386766975309 0.191162109375 0.03356481481479999 0.03271484375
1 0.476273148148 0.167236328125 0.021990740740700038 0.02978515625
1 0.44386574074099994 0.15283203125 0.022762345679000064 0.0234375
1 0.464313271605 0.140625 0.018132716049400085 0.0205078125
1 0.487847222222 0.146240234375 0.018904320987699934 0.01806640625
1 0.525462962963 0.1591796875 0.020061728395099974 0.01953125
1 0.5601851851849999 0.1591796875 0.035493827160499966 0.0546875
1 0.503858024691 0.128173828125 0.013888888888899942 0.01611328125
1 0.49151234567899993 0.13330078125 0.016975308642000045 0.0185546875
1 0.527199074074 0.14697265625 0.01658950617280003 0.017578125
1 0.534529320988 0.1376953125 0.018132716049400085 0.017578125
1 0.514081790123 0.114501953125 0.013503086419799928 0.01220703125
