1 0.697508169935 0.490966796875 0.164624183007 0.13720703125
1 0.768382352941 0.716796875 0.24754901960799994 0.259765625
1 0.295343137255 0.504150390625 0.14950980392199997 0.14501953125
1 0.509191176471 0.3544921875 0.09436274509800002 0.0927734375
1 0.597630718954 0.260498046875 0.06535947712419991 0.05810546875
1 0.18607026143800004 0.656494140625 0.232434640523 0.21826171875
1 0.10641339869300001 0.872314453125 0.205473856209 0.23193359375
1 0.534722222222 0.2392578125 0.04330065359480004 0.0458984375
1 0.447303921569 0.219970703125 0.04983660130719995 0.04736328125
1 0.517973856209 0.19873046875 0.03594771241829991 0.03515625
1 0.4989787581699999 0.169677734375 0.028186274509800022 0.02880859375
1 0.550653594771 0.143798828125 0.04738562091499999 0.05615234375
0 0.646446078431 0.24462890625 0.021650326797399925 0.0654296875
