1 0.4724151234567901 0.602294921875 0.15239197530864196 0.18310546875
1 0.21315586419753085 0.633544921875 0.19560185185185183 0.21533203125
1 0.7183641975308641 0.617431640625 0.27237654320987653 0.47607421875
1 0.876929012345679 0.556640625 0.1720679012345679 0.216796875
1 0.3962191358024691 0.245849609375 0.02700617283950617 0.06201171875
1 0.8773148148148148 0.218505859375 0.07870370370370369 0.04541015625
1 0.7598379629629629 0.185791015625 0.06597222222222222 0.03857421875
1 0.6143904320987654 0.157958984375 0.03510802469135802 0.03662109375
1 0.6587577160493827 0.160888671875 0.03279320987654321 0.03857421875
1 0.7029320987654321 0.1630859375 0.038580246913580245 0.0341796875
0 0.4565972222222222 0.175537109375 0.015046296296296295 0.04150390625
0 0.43209876543209874 0.178955078125 0.013888888888888888 0.03857421875
0 0.41203703703703703 0.179443359375 0.013117283950617283 0.03955078125
0 0.37133487654320985 0.188232421875 0.015817901234567902 0.04443359375
1 0.5167824074074073 0.134521484375 0.04205246913580247 0.06494140625
1 0.5538194444444444 0.112548828125 0.016589506172839504 0.02099609375
1 0.5557484567901234 0.08740234375 0.017361111111111112 0.01953125
1 0.5572916666666666 0.073974609375 0.011188271604938271 0.01806640625
1 0.501736111111111 0.0966796875 0.015817901234567902 0.0146484375
1 0.5665509259259259 0.103759765625 0.016589506172839504 0.02001953125
1 0.5993441358024691 0.132568359375 0.021219135802469133 0.02197265625
