1 0.374739583333 0.777314814815 0.1390625 0.317592592593
1 0.586197916667 0.8032407407410002 0.21510416666699997 0.3620370370370001
1 0.749479166667 0.716666666667 0.21562499999999998 0.312962962963
1 0.641145833333 0.526388888889 0.13541666666699992 0.17129629629600004
1 0.541666666667 0.425 0.08229166666670006 0.12407407407399997
1 0.31953125 0.447222222222 0.0734375 0.13333333333299996
1 0.41640625 0.38287037037 0.06822916666669994 0.10833333333299996
1 0.490364583333 0.349074074074 0.06614583333329993 0.08888888888890005
1 0.962239583333 0.406944444444 0.07447916666670006 0.08796296296300002
1 0.522135416667 0.22037037037000004 0.0390625 0.042592592592600016
1 0.434375 0.18888888888900002 0.023958333333300056 0.03703703703699999
1 0.444010416667 0.15509259259300004 0.015104166666699944 0.026851851851900012
1 0.42890625 0.150462962963 0.016145833333300056 0.02870370370370002
1 0.4609375 0.293055555556 0.048958333333299936 0.06574074074070001
1 0.426822916667 0.255092592593 0.03489583333329994 0.06203703703699998
1 0.378385416667 0.289351851852 0.04427083333330006 0.06759259259259996
1 0.40260416666699994 0.221296296296 0.026041666666699943 0.04814814814809999
1 0.3171875 0.232407407407 0.034375 0.05370370370369999
1 0.346354166667 0.216666666667 0.026041666666699943 0.046296296296299985
1 0.376302083333 0.24629629629600003 0.041145833333300054 0.04259259259259999
1 0.3671875 0.22222222222200003 0.02916666666670006 0.03148148148150001
1 0.381510416667 0.19861111111100002 0.028645833333300057 0.030555555555599977
0 0.141666666667 0.4828703703700001 0.023958333333299997 0.10833333333300006
0 0.522135416667 0.181018518519 0.009895833333330018 0.03240740740739999
0 0.508072916667 0.172685185185 0.008854166666669983 0.02870370370370002
0 0.2453125 0.31898148148100003 0.009375 0.04722222222220001
