1 0.31134259259259256 0.64599609375 0.1597222222222222 0.2333984375
1 0.38888888888888884 0.410888671875 0.09027777777777778 0.11767578125
1 0.5098379629629629 0.4306640625 0.09143518518518517 0.10546875
1 0.544945987654321 0.663330078125 0.1385030864197531 0.26220703125
1 0.7594521604938271 0.654296875 0.17091049382716048 0.1982421875
1 0.6201774691358024 0.385009765625 0.09066358024691358 0.10205078125
0 0.32291666666666663 0.35986328125 0.033950617283950615 0.091796875
1 0.642554012345679 0.250732421875 0.05054012345679012 0.07177734375
1 0.6990740740740741 0.250732421875 0.051697530864197525 0.05712890625
1 0.7681327160493827 0.249267578125 0.0625 0.04345703125
1 0.6055169753086419 0.22314453125 0.04436728395061728 0.0439453125
1 0.6018518518518519 0.168701171875 0.02854938271604938 0.03271484375
1 0.5619212962962963 0.16162109375 0.028935185185185182 0.0244140625
1 0.7399691358024691 0.23193359375 0.03626543209876543 0.0439453125
1 0.5825617283950617 0.139892578125 0.020833333333333332 0.02099609375
1 0.535108024691358 0.138916015625 0.017746913580246913 0.02099609375
