0 0.8225308641979999 0.404052734375 0.03009259259259996 0.10107421875
0 0.114969135802 0.304931640625 0.020833333333299998 0.06396484375
1 0.386188271605 0.4736328125 0.12191358024700003 0.1357421875
1 0.245177469136 0.7626953125 0.2372685185189999 0.369140625
1 0.459297839506 0.314208984375 0.06983024691360007 0.06982421875
1 0.577932098765 0.271240234375 0.05632716049379996 0.06103515625
1 0.48861882715999994 0.261474609375 0.05671296296299998 0.05322265625
1 0.23784722222199997 0.3125 0.07600308641980001 0.0732421875
1 0.324074074074 0.239013671875 0.05092592592589996 0.05419921875
1 0.42399691358 0.23828125 0.04861111111110006 0.0595703125
1 0.5652006172839998 0.59326171875 0.2530864197530001 0.61328125
1 0.391203703704 0.185302734375 0.03549382716050001 0.04541015625
1 0.445408950617 0.20849609375 0.03587962962959998 0.0361328125
1 0.46412037037 0.18994140625 0.030864197530899987 0.0390625
1 0.43152006172799995 0.164306640625 0.02430555555559994 0.02392578125
1 0.474729938272 0.168212890625 0.025077160493799964 0.02783203125
1 0.47820216049399994 0.154296875 0.020447530864199984 0.0166015625
1 0.44849537037 0.15283203125 0.01658950617280003 0.0205078125
1 0.466435185185 0.142822265625 0.017746913580200068 0.02001953125
1 0.478009259259 0.135498046875 0.015432098765399992 0.01611328125
1 0.49691358024699994 0.132568359375 0.013117283950599915 0.01806640625
1 0.512152777778 0.121826171875 0.014274691357999953 0.01416015625
1 0.49209104938299997 0.12255859375 0.01504629629629998 0.013671875
1 0.6319444444439999 0.224853515625 0.06790123456790001 0.04736328125
1 0.5549768518519999 0.1943359375 0.04359567901230006 0.0791015625
1 0.501543209877 0.213134765625 0.03858024691360007 0.04638671875
1 0.517361111111 0.190185546875 0.03009259259259996 0.03466796875
1 0.518711419753 0.169677734375 0.027391975308600044 0.02587890625
1 0.5225694444439999 0.149658203125 0.02121913580250001 0.01708984375
1 0.549768518519 0.13623046875 0.015432098765399992 0.0205078125
1 0.5291280864199999 0.1337890625 0.018132716049400085 0.0166015625
0 0.5763888888889999 0.150634765625 0.007716049382720084 0.01806640625
0 0.56462191358 0.143798828125 0.008101851851849922 0.02099609375
1 0.554205246914 0.120361328125 0.013503086419799928 0.01123046875
1 0.539544753086 0.11279296875 0.0104166666667 0.01171875
1 0.533564814815 0.121826171875 0.011574074074100039 0.01025390625
