1 0.4438657407407407 0.748779296875 0.17476851851851852 0.25048828125
1 0.6311728395061728 0.54833984375 0.14969135802469136 0.1787109375
1 0.4654706790123457 0.463623046875 0.10763888888888888 0.13720703125
1 0.5792824074074073 0.371337890625 0.08449074074074074 0.09619140625
1 0.46604938271604934 0.33251953125 0.07098765432098765 0.0869140625
1 0.5200617283950617 0.28955078125 0.06172839506172839 0.08203125
1 0.45891203703703703 0.22998046875 0.05054012345679012 0.0517578125
1 0.49826388888888884 0.2099609375 0.04359567901234568 0.041015625
1 0.44579475308641975 0.17919921875 0.0320216049382716 0.0263671875
1 0.4737654320987654 0.14306640625 0.022376543209876542 0.0205078125
1 0.5773533950617283 0.244384765625 0.05054012345679012 0.05126953125
1 0.5601851851851851 0.21923828125 0.040123456790123455 0.037109375
1 0.548611111111111 0.196533203125 0.034722222222222224 0.03662109375
1 0.5271990740740741 0.1650390625 0.02816358024691358 0.0234375
1 0.7173996913580246 0.2216796875 0.08834876543209876 0.1123046875
1 0.6338734567901234 0.199462890625 0.08641975308641975 0.12451171875
1 0.5241126543209876 0.13525390625 0.019675925925925923 0.017578125
1 0.50366512345679 0.140380859375 0.017361111111111112 0.02099609375
1 0.061921296296296294 0.222900390625 0.11921296296296295 0.08837890625
