0 0.111458333333 0.574074074074 0.0291666666667 0.14259259259299997
0 0.821614583333 0.43287037037000003 0.015104166666700062 0.06944444444440002
0 0.83359375 0.41666666666700003 0.019270833333299937 0.08703703703699998
0 0.538802083333 0.187037037037 0.0109375 0.03333333333330002
1 0.784895833333 0.509722222222 0.184375 0.16574074074099995
1 0.545052083333 0.391203703704 0.1046875 0.106481481481
1 0.48359375 0.328703703704 0.06614583333329993 0.08518518518520003
1 0.429427083333 0.293981481481 0.04635416666669994 0.06574074074070001
1 0.3125 0.22453703703699998 0.025 0.03796296296299999
1 0.362760416667 0.19861111111100002 0.0265625 0.03240740740739999
1 0.37526041666699994 0.180092592593 0.03177083333330005 0.026851851851900012
1 0.42734374999999997 0.154166666667 0.013020833333300057 0.017592592592600015
1 0.440885416667 0.152314814815 0.015104166666699944 0.025
1 0.451302083333 0.164351851852 0.016145833333300056 0.02314814814809999
0 0.601302083333 0.23425925925899999 0.016145833333299938 0.044444444444399996
