1 0.539930555556 0.611572265625 0.18094135802499994 0.31103515625
1 0.525462962963 0.427734375 0.11342592592599995 0.0927734375
1 0.608024691358 0.33447265625 0.09027777777780005 0.08984375
1 0.48707561728399995 0.26220703125 0.0675154320988 0.0732421875
1 0.327353395062 0.515625 0.13850308642 0.201171875
1 0.172839506173 0.3017578125 0.10030864197499999 0.0703125
1 0.8624614197529998 0.73828125 0.26890432098799993 0.5224609375
1 0.2540509259259999 0.84423828125 0.260416666667 0.306640625
0 0.860532407407 0.3974609375 0.025848765432100167 0.1005859375
0 0.8202160493829999 0.394287109375 0.03317901234570007 0.10302734375
0 0.578703703704 0.197265625 0.019290123456799948 0.048828125
0 0.64274691358 0.2099609375 0.019290123456799948 0.0498046875
0 0.6238425925929999 0.1962890625 0.014660493827199968 0.056640625
1 0.385416666667 0.163330078125 0.03086419753090003 0.03369140625
1 0.345293209877 0.159423828125 0.03163580246910001 0.03662109375
1 0.291280864198 0.169677734375 0.033950617284 0.03076171875
1 0.391782407407 0.143798828125 0.03279320987649996 0.02685546875
1 0.49884259259299996 0.096923828125 0.016203703703700018 0.01708984375
1 0.431134259259 0.059326171875 0.011188271604900024 0.01611328125
