1 0.6953125 0.86712962963 0.15625 0.2546296296300001
1 0.42578125 0.749074074074 0.19010416666666666 0.31666666666699994
1 0.4705729166666667 0.9416666666669999 0.1890625 0.11481481481499999
1 0.11875 0.854166666667 0.23541666666666666 0.267592592593
1 0.10390624999999999 0.586574074074 0.20572916666666666 0.16759259259299997
1 0.32734375 0.422222222222 0.17135416666666667 0.144444444444
1 0.67578125 0.4666666666670001 0.07135416666666666 0.14814814814799998
1 0.4888020833333333 0.355555555556 0.08697916666666666 0.09629629629629999
1 0.6244791666666667 0.30740740740700007 0.046875 0.0777777777778
1 0.5505208333333333 0.289351851852 0.058333333333333334 0.08611111111109995
0 0.8489583333333334 0.546296296296 0.030208333333333334 0.13518518518499992
0 0.10416666666666667 0.382407407407 0.028125 0.09259259259259997
1 0.03854166666666667 0.406018518519 0.075 0.08055555555559998
1 0.29921875 0.35000000000000003 0.09322916666666667 0.10740740740700003
1 0.39921875 0.277314814815 0.0609375 0.06018518518520003
0 0.30625 0.278703703704 0.01875 0.05370370370370002
1 0.6677083333333333 0.26712962963 0.035416666666666666 0.06203703703699998
0 0.7140625 0.280555555556 0.011458333333333333 0.05555555555559998
1 0.5705729166666667 0.25555555555600007 0.0296875 0.04814814814810002
1 0.5901041666666667 0.23842592592600004 0.03125 0.05277777777779999
1 0.60234375 0.221759259259 0.027604166666666666 0.04351851851849999
1 0.6098958333333333 0.208796296296 0.022916666666666665 0.0342592592593
1 0.61875 0.20416666666700004 0.026041666666666668 0.041666666666699985
1 0.6583333333333333 0.200925925926 0.025 0.03333333333330002
1 0.55625 0.15972222222200003 0.01875 0.02870370370370002
1 0.5729166666666666 0.155555555556 0.01875 0.018518518518499994
0 0.4828125 0.18888888888900002 0.008333333333333333 0.03148148148150001
0 0.47812499999999997 0.181481481481 0.008333333333333333 0.029629629629599998
0 0.49635416666666665 0.171759259259 0.009375 0.02870370370370002
0 0.50234375 0.189814814815 0.0109375 0.03703703703699999
