1 0.5719521604938271 0.778564453125 0.17939814814814814 0.27001953125
1 0.5121527777777778 0.5009765625 0.10841049382716049 0.16015625
1 0.6545138888888888 0.450439453125 0.10841049382716049 0.12060546875
1 0.5098379629629629 0.3681640625 0.0798611111111111 0.083984375
1 0.5611496913580246 0.302490234375 0.06134259259259259 0.06884765625
1 0.49189814814814814 0.25830078125 0.04938271604938271 0.0537109375
1 0.5439814814814814 0.251220703125 0.04938271604938271 0.06103515625
1 0.34857253086419754 0.4248046875 0.17708333333333331 0.306640625
1 0.39969135802469136 0.24609375 0.10493827160493827 0.1328125
1 0.8863811728395061 0.511474609375 0.13695987654320987 0.16162109375
1 0.7480709876543209 0.364013671875 0.10416666666666666 0.11767578125
1 0.6512345679012346 0.260986328125 0.054783950617283944 0.07470703125
1 0.9284336419753086 0.425048828125 0.12229938271604937 0.10986328125
1 0.7351466049382716 0.279052734375 0.0628858024691358 0.05126953125
1 0.7044753086419753 0.252197265625 0.05092592592592592 0.05419921875
1 0.7941743827160493 0.275146484375 0.04976851851851852 0.05126953125
1 0.7544367283950617 0.244384765625 0.04359567901234568 0.04345703125
1 0.8981481481481481 0.30078125 0.1736111111111111 0.154296875
1 0.6053240740740741 0.21826171875 0.041666666666666664 0.037109375
1 0.6566358024691358 0.213623046875 0.04398148148148148 0.03564453125
1 0.5098379629629629 0.160888671875 0.02353395061728395 0.02783203125
1 0.47897376543209874 0.162353515625 0.024305555555555552 0.03076171875
1 0.6066743827160493 0.180908203125 0.03433641975308642 0.03466796875
