1 0.514660493827 0.508544921875 0.1327160493829999 0.22705078125
1 0.62075617284 0.303955078125 0.1543209876540001 0.21826171875
1 0.49672067901199995 0.287109375 0.0675154320988 0.083984375
1 0.8518518518519999 0.72607421875 0.29552469135800014 0.54296875
1 0.23668981481499998 0.379638671875 0.11226851851900002 0.10986328125
1 0.278935185185 0.249755859375 0.05941358024689998 0.06396484375
1 0.36168981481499995 0.219970703125 0.048225308642000045 0.07177734375
0 0.132523148148 0.33154296875 0.026620370370399975 0.0751953125
0 0.0108024691358 0.38427734375 0.0216049382716 0.0947265625
1 0.174575617284 0.185546875 0.03279320987650001 0.03125
1 0.320601851852 0.205322265625 0.04089506172839997 0.04345703125
1 0.342399691358 0.173583984375 0.03279320987649996 0.03076171875
1 0.358024691358 0.1591796875 0.02700617283950003 0.0244140625
1 0.4544753086419999 0.208984375 0.0470679012346 0.0478515625
1 0.4571759259259999 0.16796875 0.032407407407400037 0.0341796875
1 0.484567901235 0.155029296875 0.027777777777800057 0.02978515625
1 0.537229938272 0.182861328125 0.07754629629629997 0.11279296875
1 0.46817129629599996 0.135009765625 0.025077160493799964 0.02197265625
1 0.46277006172799995 0.125732421875 0.019675925925899958 0.02294921875
1 0.44926697530899995 0.11767578125 0.018132716049400085 0.0205078125
1 0.514660493827 0.104736328125 0.016975308642000045 0.02197265625
1 0.43364197530899995 0.10791015625 0.013888888888899942 0.0185546875
1 0.401234567901 0.1484375 0.02546296296299998 0.033203125
1 0.40509259259299996 0.12890625 0.034722222222199985 0.037109375
1 0.3697916666669999 0.138916015625 0.0235339506173 0.02783203125
1 0.346257716049 0.12109375 0.03202160493830002 0.0498046875
1 0.49421296296299994 0.10009765625 0.02237654320990005 0.021484375
