1 0.556520061728 0.748779296875 0.1747685185189999 0.25048828125
1 0.368827160494 0.54833984375 0.14969135802500005 0.1787109375
1 0.534529320988 0.463623046875 0.10763888888899993 0.13720703125
1 0.42071759259299996 0.371337890625 0.08449074074070004 0.09619140625
1 0.534336419753 0.33251953125 0.07098765432099993 0.0869140625
1 0.480324074074 0.28955078125 0.06172839506169997 0.08203125
1 0.541087962963 0.22998046875 0.050540123456799944 0.0517578125
1 0.50212191358 0.2099609375 0.04359567901230006 0.041015625
1 0.554205246914 0.17919921875 0.03202160493830002 0.0263671875
1 0.52662037037 0.14306640625 0.02237654320990005 0.0205078125
1 0.423032407407 0.244384765625 0.050540123456799944 0.05126953125
1 0.43981481481499995 0.21923828125 0.040123456790099946 0.037109375
1 0.4513888888889999 0.196533203125 0.034722222222199936 0.03662109375
1 0.4728009259259999 0.1650390625 0.02816358024690007 0.0234375
1 0.28298611111099997 0.2216796875 0.08834876543209999 0.1123046875
1 0.36651234567899993 0.199462890625 0.08641975308639997 0.12451171875
1 0.476273148148 0.13525390625 0.019675925925899958 0.017578125
1 0.49672067901199995 0.140380859375 0.017361111111100058 0.02099609375
1 0.9380787037039999 0.222900390625 0.11921296296300014 0.08837890625
