0 0.857552083333 0.406481481481 0.02135416666670006 0.09444444444440002
0 0.848697916667 0.417592592593 0.013020833333299937 0.05
0 0.678385416667 0.2717592592590001 0.0171875 0.05277777777779999
1 0.678645833333 0.45787037037 0.1583333333330001 0.12685185185199996
1 0.52109375 0.3625 0.0890625 0.102777777778
1 0.436979166667 0.310185185185 0.05520833333330005 0.07962962962960006
1 0.382291666667 0.212962962963 0.026041666666699943 0.0388888888889
1 0.3125 0.226388888889 0.025 0.037962962963000016
1 0.352604166667 0.187037037037 0.027083333333300055 0.03703703703699999
1 0.39479166666699994 0.177314814815 0.03125 0.03240740740739999
1 0.450260416667 0.1625 0.0140625 0.019444444444400022
1 0.426822916667 0.15324074074100003 0.0171875 0.019444444444400022
1 0.443489583333 0.15787037037 0.015104166666699944 0.02870370370370002
