1 0.6979166666669999 0.725830078125 0.18055555555599995 0.21044921875
1 0.45003858024699994 0.851806640625 0.19637345678999998 0.27587890625
1 0.492283950617 0.496337890625 0.10493827160500002 0.12646484375
1 0.280092592593 0.582275390625 0.16280864197499995 0.16748046875
1 0.386766975309 0.396484375 0.08680555555560003 0.1005859375
1 0.480324074074 0.33154296875 0.06635802469139995 0.078125
1 0.4375 0.284912109375 0.05092592592589996 0.06103515625
1 0.125771604938 0.489501953125 0.14814814814800004 0.15283203125
1 0.324266975309 0.298828125 0.065200617284 0.0703125
1 0.22280092592599998 0.3056640625 0.07214506172839999 0.068359375
1 0.136766975309 0.364501953125 0.09297839506169998 0.08837890625
1 0.621334876543 0.34912109375 0.16010802469099994 0.30859375
1 0.200810185185 0.263427734375 0.0675154320988 0.05419921875
1 0.31712962963 0.23828125 0.04783950617280003 0.0615234375
1 0.3763503086419999 0.238525390625 0.04513888888889998 0.05029296875
1 0.521026234568 0.248291015625 0.03973765432099993 0.04638671875
1 0.453317901235 0.224609375 0.03626543209879999 0.0419921875
1 0.47145061728399995 0.198974609375 0.035493827160499966 0.03173828125
1 0.515625 0.220703125 0.0366512345679 0.029296875
1 0.119791666667 0.31201171875 0.09452160493830002 0.0654296875
1 0.138695987654 0.250244140625 0.04899691358019998 0.05712890625
1 0.2787422839509999 0.205810546875 0.07445987654319997 0.10595703125
