0 0.0611979166667 0.710648148148 0.03906250000000001 0.193518518519
0 0.85234375 0.403240740741 0.015104166666700062 0.06018518518520003
0 0.866666666667 0.390740740741 0.01875 0.09259259259259997
0 0.722395833333 0.29120370370400006 0.01875 0.056481481481500014
0 0.52890625 0.181944444444 0.0109375 0.037962962963000016
1 0.81640625 0.510185185185 0.1776041666669999 0.15370370370399997
1 0.573177083333 0.397685185185 0.11510416666699996 0.11574074074100002
1 0.445833333333 0.321759259259 0.059375 0.07870370370370003
1 0.390625 0.22222222222200003 0.02916666666670006 0.04259259259259999
1 0.3125 0.222685185185 0.027083333333300055 0.041666666666699985
1 0.366145833333 0.190740740741 0.021875 0.040740740740700006
1 0.388802083333 0.176388888889 0.030729166666699944 0.026851851851900012
1 0.44947916666699994 0.164351851852 0.017708333333300057 0.02314814814809999
1 0.442447916667 0.15509259259300004 0.018229166666699943 0.030555555555599977
1 0.428385416667 0.15509259259300004 0.0203125 0.02314814814809999
0 0.59453125 0.20046296296300004 0.0140625 0.03981481481480003
