0 0.45625 0.79537037037 0.04791666666669994 0.1962962962960001
0 0.56953125 0.819907407407 0.04427083333329994 0.2027777777779999
0 0.34921875 0.593055555556 0.0484375 0.17314814814799995
1 0.29765625 0.8222222222220001 0.18177083333299998 0.3240740740740001
1 0.477083333333 0.670833333333 0.16145833333299997 0.2638888888890001
1 0.901302083333 0.88287037037 0.1963541666669999 0.22129629629599998
1 0.7518229166669999 0.681944444444 0.19010416666699992 0.25833333333300007
1 0.614583333333 0.50787037037 0.128125 0.16574074074100006
1 0.439322916667 0.45046296296300004 0.09010416666670006 0.15462962963000002
1 0.53046875 0.413425925926 0.09010416666669994 0.12685185185200007
1 0.387760416667 0.313425925926 0.056770833333299936 0.08055555555559998
1 0.50703125 0.3342592592590001 0.06718749999999994 0.08518518518520003
1 0.467447916667 0.314351851852 0.05364583333330006 0.08611111111109995
1 0.324739583333 0.29212962963 0.04739583333330005 0.06203703703699998
1 0.959895833333 0.41296296296300006 0.07916666666670007 0.08703703703699998
0 0.8130208333329999 0.34675925925900003 0.017708333333299936 0.06759259259259996
0 0.778645833333 0.328240740741 0.02083333333329994 0.07314814814810004
0 0.653645833333 0.28750000000000003 0.01875 0.06203703703699998
0 0.62890625 0.250462962963 0.0140625 0.05277777777779999
0 0.772916666667 0.27037037037 0.013541666666700062 0.05370370370370002
0 0.721875 0.253240740741 0.013541666666700062 0.054629629629600024
1 0.434895833333 0.187037037037 0.021875 0.03148148148150001
1 0.44427083333299994 0.285185185185 0.040625 0.06666666666670004
1 0.429166666667 0.260648148148 0.0375 0.050925925925900006
1 0.411458333333 0.24629629629600003 0.033333333333300054 0.05
1 0.401041666667 0.224537037037 0.028125 0.03981481481480003
1 0.3484375 0.228703703704 0.03229166666669994 0.0388888888889
1 0.387239583333 0.201388888889 0.022395833333300055 0.036111111111100005
1 0.3625 0.19212962963 0.023958333333300056 0.036111111111100005
1 0.443229166667 0.158796296296 0.01875 0.03240740740739999
1 0.42604166666699994 0.152777777778 0.015625 0.024074074074100022
0 0.521354166667 0.17870370370400002 0.008333333333330018 0.03333333333330002
0 0.502083333333 0.169907407407 0.007291666666669983 0.030555555555600033
0 0.555208333333 0.187962962963 0.009375 0.03703703703699999
0 0.57265625 0.193981481481 0.0078125 0.0342592592593
0 0.611458333333 0.211111111111 0.009375 0.0388888888889
