1 0.5447530864199999 0.69091796875 0.166666666667 0.2412109375
0 0.6332947530859999 0.461181640625 0.03510802469139995 0.11474609375
0 0.7501929012349999 0.48486328125 0.03742283950620003 0.130859375
0 0.881172839506 0.511962890625 0.04089506172839997 0.13916015625
0 0.8738425925929999 0.414794921875 0.03626543209880017 0.11572265625
1 0.11072530864199999 0.6083984375 0.180555555556 0.2138671875
1 0.119020061728 0.22119140625 0.0952932098765 0.0439453125
1 0.175925925926 0.186279296875 0.03549382716050001 0.03466796875
1 0.215856481481 0.3564453125 0.08294753086419998 0.091796875
0 0.0160108024691 0.443115234375 0.0273919753086 0.12548828125
0 0.6911651234569999 0.268798828125 0.019675925925899958 0.07177734375
1 0.479359567901 0.346923828125 0.07445987654320005 0.07861328125
1 0.320023148148 0.302490234375 0.0706018518519 0.07763671875
1 0.274691358025 0.25830078125 0.05632716049379996 0.0634765625
1 0.365162037037 0.215576171875 0.047453703703700015 0.05029296875
1 0.308063271605 0.199951171875 0.045138888888900025 0.05224609375
1 0.4728009259259999 0.17236328125 0.03433641975309993 0.037109375
1 0.591242283951 0.26416015625 0.1331018518519999 0.1845703125
1 0.379436728395 0.184326171875 0.028935185185200007 0.03662109375
1 0.34876543209899996 0.1689453125 0.033950617284 0.046875
1 0.319058641975 0.15673828125 0.033179012345699976 0.0380859375
1 0.39621913580199997 0.16259765625 0.03317901234570002 0.0400390625
1 0.40200617284 0.14453125 0.027777777777800012 0.0302734375
1 0.361304012346 0.14208984375 0.02816358024689998 0.02734375
1 0.475308641975 0.1337890625 0.024691358024699954 0.0361328125
1 0.44444444444399994 0.127197265625 0.024691358024699954 0.02587890625
0 0.530671296296 0.1552734375 0.012731481481500077 0.0400390625
0 0.509452160494 0.13037109375 0.011188271604900024 0.029296875
1 0.5138888888889999 0.103759765625 0.019290123456799948 0.02001953125
1 0.434799382716 0.099365234375 0.015432098765399992 0.02001953125
1 0.45293209876499996 0.084228515625 0.019290123456799948 0.02490234375
1 0.49074074074099994 0.09765625 0.020061728395099974 0.0185546875
1 0.460648148148 0.11474609375 0.020061728395099974 0.025390625
