1 0.49884259259299996 0.410888671875 0.09645061728400009 0.11474609375
0 0.7696759259259999 0.48779296875 0.04475308641980001 0.1220703125
0 0.8786651234569999 0.47119140625 0.03125 0.1435546875
0 0.949845679012 0.506103515625 0.04320987654320005 0.15576171875
0 0.63175154321 0.280029296875 0.03125 0.08544921875
1 0.172839506173 0.42919921875 0.152777777778 0.2333984375
1 0.199845679012 0.299560546875 0.07947530864199998 0.07177734375
1 0.330632716049 0.271240234375 0.06867283950620003 0.07958984375
1 0.260416666667 0.248779296875 0.06327160493830002 0.06982421875
1 0.298804012346 0.2119140625 0.048225308641999955 0.0458984375
1 0.386959876543 0.1748046875 0.03549382716050001 0.03515625
1 0.174382716049 0.184814453125 0.03549382716050001 0.03271484375
1 0.288773148148 0.15869140625 0.06057098765430002 0.07421875
1 0.324652777778 0.15771484375 0.022762345678999974 0.0322265625
1 0.335262345679 0.14013671875 0.023148148148099987 0.0244140625
1 0.36400462963 0.108642578125 0.020447530864199984 0.01806640625
1 0.49517746913599997 0.246337890625 0.051311728395099974 0.05615234375
0 0.691358024691 0.249755859375 0.021604938271600024 0.06103515625
0 0.719907407407 0.23876953125 0.017746913580200068 0.05859375
1 0.450617283951 0.12939453125 0.023148148148100074 0.0244140625
1 0.49961419753099995 0.14453125 0.05555555555559994 0.0673828125
1 0.43267746913599997 0.102294921875 0.018132716049400085 0.02294921875
1 0.385609567901 0.091796875 0.01427469135800004 0.0224609375
1 0.515239197531 0.104248046875 0.01658950617280003 0.01513671875
1 0.46392746913599997 0.102294921875 0.030478395061699973 0.04736328125
