1 0.48398919753086417 0.777099609375 0.17708333333333331 0.26123046875
1 0.45216049382716045 0.4697265625 0.10262345679012345 0.146484375
0 0.7285879629629629 0.5107421875 0.03510802469135802 0.1279296875
0 0.689236111111111 0.357421875 0.02662037037037037 0.0927734375
0 0.6630015432098765 0.3330078125 0.028935185185185182 0.0869140625
0 0.23263888888888887 0.384765625 0.03626543209876543 0.111328125
1 0.8061342592592592 0.9228515625 0.22646604938271603 0.146484375
1 0.9527391975308641 0.5869140625 0.09066358024691358 0.171875
0 0.3470293209876543 0.255126953125 0.02199074074074074 0.06787109375
0 0.11844135802469136 0.26806640625 0.021604938271604937 0.0634765625
1 0.5466820987654321 0.326171875 0.07638888888888888 0.08984375
1 0.5237268518518519 0.251220703125 0.05439814814814815 0.05810546875
1 0.7735339506172839 0.3271484375 0.0779320987654321 0.0859375
1 0.6348379629629629 0.241943359375 0.04513888888888889 0.05419921875
1 0.5729166666666666 0.23974609375 0.04938271604938271 0.05859375
1 0.494020061728395 0.205810546875 0.03819444444444444 0.04541015625
1 0.4425154320987654 0.22509765625 0.07021604938271604 0.134765625
1 0.6116898148148148 0.22119140625 0.03433641975308642 0.0439453125
1 0.6128472222222222 0.18701171875 0.028935185185185182 0.029296875
1 0.5929783950617283 0.174560546875 0.02546296296296296 0.03173828125
1 0.5783179012345678 0.167236328125 0.021604938271604937 0.02392578125
1 0.5495756172839505 0.164794921875 0.02199074074074074 0.02001953125
1 0.5609567901234568 0.2138671875 0.03626543209876543 0.0390625
1 0.486304012345679 0.170166015625 0.02353395061728395 0.02099609375
1 0.4758873456790123 0.155029296875 0.02044753086419753 0.02294921875
1 0.4446373456790123 0.129638671875 0.015046296296296295 0.01611328125
