1 0.260223765432 0.79296875 0.20949074074100002 0.271484375
1 0.49537037037 0.500244140625 0.1327160493829999 0.18603515625
1 0.541859567901 0.31787109375 0.09297839506169997 0.166015625
1 0.18074845679 0.37890625 0.11072530864199999 0.1416015625
0 0.90162037037 0.40576171875 0.038580246913599896 0.09765625
0 0.13503086419799998 0.289306640625 0.015432098765399992 0.06005859375
1 0.47029320987699996 0.292724609375 0.05864197530860004 0.07080078125
1 0.339891975309 0.263671875 0.05169753086419998 0.0556640625
1 0.42399691358 0.2373046875 0.0470679012346 0.0546875
1 0.33429783950599995 0.2275390625 0.0443672839506 0.041015625
1 0.490547839506 0.2412109375 0.050540123456799944 0.044921875
1 0.42148919753099995 0.172607421875 0.027391975308600044 0.02587890625
1 0.47646604938299997 0.170654296875 0.024691358024699954 0.02685546875
1 0.445987654321 0.156982421875 0.021604938271600024 0.02294921875
1 0.490354938272 0.15771484375 0.019290123456799948 0.02734375
1 0.467399691358 0.139404296875 0.018132716049400085 0.02685546875
1 0.561535493827 0.234130859375 0.03819444444440005 0.03857421875
1 0.543209876543 0.22119140625 0.033950617283999916 0.033203125
1 0.546489197531 0.197998046875 0.03356481481480007 0.03173828125
1 0.511766975309 0.185302734375 0.02893518518519992 0.03076171875
1 0.520833333333 0.164794921875 0.023148148148100074 0.02783203125
1 0.547260802469 0.1650390625 0.026620370370400017 0.03515625
1 0.49691358024699994 0.138671875 0.016203703703700018 0.017578125
1 0.526427469136 0.14208984375 0.01504629629629998 0.017578125
1 0.555169753086 0.14453125 0.016203703703700018 0.0185546875
1 0.53337191358 0.129638671875 0.012731481481500077 0.01416015625
1 0.490933641975 0.125244140625 0.012731481481500077 0.01513671875
1 0.5 0.1181640625 0.013888888888899942 0.015625
1 0.514274691358 0.114990234375 0.012345679012300064 0.01318359375
0 0.567708333333 0.182373046875 0.011188271604900024 0.03173828125
0 0.5748456790119999 0.1494140625 0.009259259259259961 0.0263671875
