1 0.628858024691358 0.556640625 0.13966049382716048 0.1796875
1 0.4864969135802469 0.446044921875 0.10108024691358024 0.12939453125
1 0.5551697530864197 0.340576171875 0.07716049382716049 0.09033203125
1 0.46739969135802467 0.27880859375 0.05825617283950617 0.0791015625
1 0.49363425925925924 0.894775390625 0.19791666666666666 0.20947265625
0 0.14390432098765432 0.39794921875 0.03009259259259259 0.1064453125
0 0.8009259259259259 0.337890625 0.023148148148148147 0.0751953125
1 0.6741898148148148 0.269775390625 0.0628858024691358 0.06884765625
0 0.27854938271604934 0.2734375 0.019290123456790122 0.0595703125
0 0.29282407407407407 0.24853515625 0.016203703703703703 0.0458984375
0 0.7833719135802468 0.271728515625 0.021219135802469133 0.05615234375
1 0.5866126543209876 0.201416015625 0.03665123456790123 0.03466796875
1 0.5511188271604938 0.170654296875 0.027391975308641972 0.02783203125
1 0.47453703703703703 0.175048828125 0.02854938271604938 0.03759765625
1 0.44425154320987653 0.161376953125 0.02353395061728395 0.02978515625
1 0.46064814814814814 0.13916015625 0.016203703703703703 0.017578125
1 0.4629629629629629 0.12548828125 0.012345679012345678 0.0146484375
0 0.43402777777777773 0.13818359375 0.009259259259259259 0.0185546875
1 0.6076388888888888 0.16943359375 0.05941358024691358 0.068359375
1 0.5565200617283951 0.15478515625 0.021219135802469133 0.0205078125
1 0.5345293209876543 0.14208984375 0.019675925925925923 0.025390625
1 0.517361111111111 0.12744140625 0.013117283950617283 0.0146484375
1 0.5021219135802469 0.129638671875 0.015046296296296295 0.02197265625
1 0.4913194444444444 0.1259765625 0.01273148148148148 0.0166015625
1 0.5055941358024691 0.121826171875 0.009645061728395061 0.01318359375
