0 0.834114583333 0.367592592593 0.0140625 0.05370370370370002
0 0.853645833333 0.3625 0.02083333333329994 0.08240740740740005
0 0.93359375 0.40462962963000004 0.02135416666670006 0.08333333333329997
0 0.29375 0.265277777778 0.014583333333300056 0.05833333333329999
1 0.68125 0.45092592592600006 0.15520833333300008 0.13703703703700004
1 0.429427083333 0.288425925926 0.04635416666669994 0.06574074074070001
1 0.39869791666699994 0.22685185185199996 0.034895833333300055 0.049999999999999975
1 0.311979166667 0.22361111111100002 0.028125 0.04351851851850002
1 0.355208333333 0.207407407407 0.023958333333300056 0.035185185185199974
1 0.3703125 0.194444444444 0.019791666666699945 0.03333333333330002
1 0.34921875 0.186111111111 0.0359375 0.03148148148150001
1 0.42734374999999997 0.154166666667 0.016145833333300056 0.02870370370370002
1 0.43828125 0.156018518519 0.016145833333300056 0.03240740740739999
1 0.450520833333 0.159259259259 0.017708333333300057 0.024074074074100022
0 0.520572916667 0.17962962963 0.011979166666699943 0.0388888888889
