1 0.770833333333 0.766203703704 0.20833333333300008 0.2972222222220001
1 0.481510416667 0.656944444444 0.14010416666699996 0.262037037037
1 0.3203125 0.9388888888890001 0.13229166666700004 0.12037037036999995
1 0.310677083333 0.669907407407 0.12552083333299996 0.30462962962999995
1 0.676302083333 0.526388888889 0.1796875 0.19166666666699994
1 0.564583333333 0.417592592593 0.090625 0.13518518518500003
1 0.429427083333 0.440740740741 0.08802083333330006 0.15370370370399997
1 0.323697916667 0.47546296296300006 0.07552083333330005 0.12685185185200007
1 0.33125 0.39537037037 0.0625 0.0907407407407
1 0.45468749999999997 0.368055555556 0.103125 0.11018518518500003
1 0.496614583333 0.344444444444 0.06197916666669994 0.08888888888890005
1 0.325 0.3375 0.05 0.075
1 0.403645833333 0.32685185185200005 0.053125 0.09259259259259997
1 0.46640624999999997 0.301388888889 0.0484375 0.06203703703699998
1 0.3171875 0.303703703704 0.04166666666669994 0.06481481481479998
1 0.377864583333 0.293055555556 0.0453125 0.06759259259259996
1 0.443229166667 0.277777777778 0.04791666666669994 0.0592592592593
1 0.428385416667 0.25231481481500007 0.0359375 0.056481481481500014
1 0.377864583333 0.26018518518500006 0.0328125 0.051851851851899985
1 0.364583333333 0.24074074074100002 0.027083333333300055 0.04259259259259999
1 0.413802083333 0.233796296296 0.030729166666699944 0.04722222222219999
1 0.39869791666699994 0.219444444444 0.0265625 0.042592592592600016
1 0.366927083333 0.218518518519 0.0234375 0.03333333333330002
1 0.331510416667 0.219907407407 0.0265625 0.0342592592593
1 0.380208333333 0.197685185185 0.022916666666699944 0.030555555555600033
1 0.438541666667 0.17500000000000002 0.017708333333299936 0.02222222222220001
1 0.427604166667 0.15462962963 0.014583333333300056 0.02222222222220001
1 0.443489583333 0.157407407407 0.016145833333300056 0.02592592592589998
0 0.485416666667 0.1625 0.00625 0.025
0 0.49114583333299994 0.17870370370400002 0.007291666666669983 0.02777777777779999
0 0.523697916667 0.181481481481 0.0078125 0.03148148148150001
0 0.288541666667 0.300925925926 0.013541666666699944 0.05370370370370002
0 0.159114583333 0.514814814815 0.0234375 0.12777777777800006
0 0.133854166667 0.525462962963 0.020833333333299998 0.125
0 0.7265625 0.25601851851900004 0.011458333333299937 0.054629629629600024
0 0.897916666667 0.343518518519 0.011458333333299937 0.07222222222220001
0 0.908333333333 0.343055555556 0.0125 0.07314814814810004
0 0.9234375 0.337037037037 0.0125 0.06481481481479998
1 0.861979166667 0.511111111111 0.146875 0.15925925925900006
1 0.961197916667 0.405092592593 0.0765625 0.07685185185189997
