1 0.527199074074 0.761962890625 0.17013888888899995 0.31298828125
1 0.7671682098770001 0.650390625 0.17708333333300008 0.208984375
1 0.497685185185 0.428466796875 0.10108024691400007 0.10986328125
1 0.487654320988 0.24169921875 0.06018518518519992 0.0927734375
1 0.272955246914 0.307373046875 0.08757716049379996 0.10009765625
1 0.374228395062 0.18603515625 0.033950617284 0.04296875
1 0.306712962963 0.208251953125 0.04938271604939999 0.04345703125
1 0.39351851851899994 0.142822265625 0.02777777777779997 0.03271484375
1 0.338927469136 0.173095703125 0.0366512345679 0.04443359375
1 0.46392746913599997 0.19189453125 0.03279320987650005 0.044921875
1 0.5291280864199999 0.222900390625 0.03742283950620003 0.04541015625
1 0.5279706790119999 0.181396484375 0.03742283950620003 0.04931640625
1 0.451774691358 0.1513671875 0.03317901234570007 0.0419921875
1 0.5090663580249999 0.150634765625 0.02893518518519992 0.03369140625
1 0.47608024691399997 0.128173828125 0.023148148148100074 0.02587890625
1 0.466242283951 0.119384765625 0.021990740740700038 0.02197265625
1 0.446759259259 0.103759765625 0.014660493827199968 0.01904296875
1 0.469328703704 0.106201171875 0.017361111111100058 0.01611328125
1 0.45293209876499996 0.090576171875 0.011574074074100039 0.01513671875
1 0.4357638888889999 0.074951171875 0.009645061728399974 0.01123046875
0 0.6491126543209998 0.190185546875 0.01195987654320005 0.04833984375
