0 0.5758101851851851 0.729736328125 0.05054012345679012 0.19677734375
0 0.6340663580246914 0.465087890625 0.03587962962962963 0.12841796875
0 0.6062885802469136 0.39697265625 0.03356481481481481 0.111328125
0 0.5540123456790124 0.4658203125 0.04089506172839506 0.1201171875
0 0.5088734567901234 0.43896484375 0.032407407407407406 0.119140625
0 0.8879243827160493 0.48486328125 0.04205246913580247 0.130859375
0 0.7735339506172839 0.39794921875 0.033950617283950615 0.09765625
0 0.9575617283950617 0.40185546875 0.032407407407407406 0.10546875
0 0.7158564814814814 0.241455078125 0.017361111111111112 0.06884765625
1 0.47781635802469136 0.6513671875 0.14390432098765432 0.1982421875
1 0.13059413580246912 0.7978515625 0.2488425925925926 0.4033203125
0 0.7349537037037036 0.21142578125 0.013117283950617283 0.044921875
1 0.8350694444444444 0.216796875 0.08217592592592592 0.04296875
1 0.8258101851851851 0.18603515625 0.03356481481481481 0.033203125
1 0.7013888888888888 0.17578125 0.040123456790123455 0.0419921875
1 0.6450617283950617 0.1669921875 0.03009259259259259 0.0400390625
1 0.6078317901234568 0.1708984375 0.028935185185185182 0.03515625
1 0.642361111111111 0.14599609375 0.034722222222222224 0.0419921875
1 0.6155478395061728 0.12939453125 0.019675925925925923 0.0244140625
1 0.6315586419753086 0.12255859375 0.013888888888888888 0.01953125
1 0.6124614197530864 0.104248046875 0.018132716049382713 0.01904296875
0 0.44656635802469136 0.193359375 0.015046296296296295 0.0458984375
0 0.5187114197530864 0.11767578125 0.008101851851851851 0.0234375
1 0.5435956790123456 0.10009765625 0.029320987654320986 0.0390625
1 0.4845679012345679 0.10595703125 0.019290123456790122 0.0224609375
1 0.505787037037037 0.099365234375 0.020061728395061727 0.01513671875
1 0.5947145061728395 0.086181640625 0.011959876543209876 0.01220703125
