1 0.530671296296 0.596923828125 0.14081790123500001 0.22412109375
1 0.493634259259 0.862548828125 0.18942901234599988 0.26416015625
1 0.32831790123499993 0.623046875 0.16280864197499995 0.1845703125
1 0.20794753086399997 0.945068359375 0.261574074074 0.10888671875
1 0.0318287037037 0.5390625 0.0636574074074 0.1689453125
0 0.928819444444 0.477783203125 0.03742283950619985 0.13916015625
1 0.218557098765 0.301025390625 0.07445987654319998 0.08349609375
1 0.464313271605 0.30712890625 0.11304012345699994 0.0751953125
1 0.3634259259259999 0.277099609375 0.05169753086419998 0.06103515625
1 0.626350308642 0.306640625 0.14081790123500001 0.0712890625
1 0.834490740741 0.330810546875 0.16203703703699993 0.09619140625
0 0.667438271605 0.26220703125 0.017746913580200068 0.0517578125
0 0.48128858024699994 0.251953125 0.015817901234600005 0.052734375
1 0.42901234567899993 0.243896484375 0.05092592592589996 0.06787109375
1 0.374228395062 0.225830078125 0.04475308641980001 0.04931640625
0 0.403742283951 0.2041015625 0.012731481481500077 0.0361328125
1 0.372106481481 0.19287109375 0.03819444444439997 0.044921875
1 0.45775462962999997 0.1982421875 0.03510802469139995 0.0380859375
1 0.608024691358 0.217529296875 0.05709876543209999 0.04345703125
1 0.546489197531 0.193359375 0.03587962962959998 0.033203125
0 0.584297839506 0.17431640625 0.01195987654320005 0.033203125
1 0.4388503086419999 0.1640625 0.023533950617299914 0.021484375
1 0.47839506172799995 0.16357421875 0.020833333333299998 0.029296875
1 0.464699074074 0.180908203125 0.026620370370400017 0.02490234375
1 0.492283950617 0.143798828125 0.01851851851849992 0.01611328125
1 0.495563271605 0.131103515625 0.017361111111100058 0.01513671875
1 0.461033950617 0.152099609375 0.019290123456799948 0.01806640625
1 0.5403163580249999 0.116455078125 0.012731481481500077 0.01416015625
1 0.504436728395 0.10498046875 0.018132716049400085 0.025390625
