1 0.453125 0.616203703704 0.15208333333333332 0.21944444444400002
1 0.228125 0.538888888889 0.184375 0.19629629629600004
1 0.4513020833333333 0.425462962963 0.09010416666666667 0.12314814814799999
1 0.6213541666666667 0.3620370370370001 0.0625 0.09444444444440002
1 0.5481770833333334 0.321296296296 0.058854166666666666 0.08518518518520003
1 0.6453125 0.266203703704 0.034375 0.056481481481500014
1 0.646875 0.22592592592600003 0.028125 0.04814814814809999
1 0.6635416666666667 0.203240740741 0.021875 0.030555555555600033
1 0.6299479166666666 0.203240740741 0.0203125 0.030555555555600033
1 0.6890625 0.223611111111 0.025 0.036111111111100005
1 0.27838541666666666 0.376851851852 0.1015625 0.1
1 0.55078125 0.166203703704 0.015104166666666667 0.02314814814809999
1 0.56015625 0.15509259259300004 0.0140625 0.019444444444400022
1 0.5729166666666666 0.154166666667 0.015625 0.017592592592600015
0 0.21067708333333332 0.286111111111 0.0109375 0.05370370370370002
0 0.3419270833333333 0.231481481481 0.0109375 0.040740740740700006
0 0.6546875 0.536111111111 0.03125 0.137037037037
