1 0.25835755813953487 0.845788043478 0.2507267441860465 0.292119565217
1 0.6110101744186046 0.692934782609 0.15661337209302326 0.19202898550700007
1 0.3648255813953488 0.5606884057970001 0.1322674418604651 0.1467391304349999
1 0.15261627906976744 0.56544384058 0.14680232558139536 0.1345108695649999
1 0.5839389534883721 0.536684782609 0.11773255813953488 0.12047101449299995
1 0.2643531976744186 0.43591485507200006 0.1028343023255814 0.11277173913000006
1 0.3175872093023256 0.359601449275 0.07122093023255814 0.0625
1 0.5110828488372093 0.349184782609 0.16024709302325582 0.22010869565199997
1 0.3644622093023256 0.246150362319 0.07267441860465117 0.104619565217
1 0.2781613372093023 0.246829710145 0.08539244186046512 0.13134057971000002
