1 0.423611111111 0.398681640625 0.10030864197500003 0.10205078125
1 0.4982638888889999 0.26513671875 0.06134259259259996 0.064453125
0 0.668209876543 0.271484375 0.016975308642000045 0.0615234375
0 0.70736882716 0.274169921875 0.021990740740700038 0.05810546875
1 0.0451388888889 0.480224609375 0.08564814814810001 0.15576171875
1 0.42110339506199995 0.236572265625 0.04050925925929996 0.04638671875
1 0.373263888889 0.235595703125 0.048225308641999955 0.04931640625
1 0.31674382716 0.233154296875 0.04552469135800004 0.04345703125
1 0.389853395062 0.1865234375 0.0235339506173 0.03125
1 0.4072145061729999 0.196533203125 0.03742283950620003 0.03564453125
1 0.435956790123 0.220947265625 0.03858024691360007 0.03857421875
1 0.449459876543 0.20263671875 0.032407407407400037 0.0478515625
1 0.464699074074 0.186767578125 0.030478395061699973 0.03857421875
1 0.48090277777799995 0.161865234375 0.026620370370400017 0.03076171875
1 0.5493827160489999 0.189208984375 0.03163580246910001 0.03369140625
1 0.526041666667 0.1513671875 0.019675925925899958 0.0224609375
1 0.55111882716 0.149169921875 0.018132716049400085 0.02294921875
1 0.500385802469 0.124267578125 0.02237654320990005 0.03271484375
1 0.47781635802499994 0.13134765625 0.015817901234600005 0.0185546875
1 0.529706790123 0.13427734375 0.013888888888899942 0.0205078125
