1 0.7083333333333334 0.8370370370370002 0.175 0.3037037037039999
1 0.6833333333333333 0.631481481481 0.11354166666666667 0.21666666666699994
1 0.5216145833333333 0.671296296296 0.16614583333333333 0.2648148148150001
1 0.10546875 0.883796296296 0.20260416666666667 0.230555555556
1 0.24505208333333334 0.675 0.1984375 0.257407407407
1 0.3880208333333333 0.5157407407410001 0.13125 0.16666666666699995
1 0.121875 0.513888888889 0.13958333333333334 0.15370370370399997
1 0.3140625 0.421296296296 0.13333333333333333 0.13148148148099995
1 0.46328125 0.418055555556 0.0953125 0.125
1 0.55859375 0.4481481481480001 0.0890625 0.15370370370399997
1 0.6619791666666667 0.405092592593 0.065625 0.11018518518500003
1 0.69140625 0.348148148148 0.044270833333333336 0.08888888888889994
1 0.621875 0.33796296296300005 0.05 0.08518518518520003
1 0.5309895833333333 0.368055555556 0.11302083333333333 0.08240740740740005
1 0.09348958333333333 0.44351851851900004 0.1671875 0.14074074074099996
0 0.42473958333333334 0.37037037037000003 0.0203125 0.07962962962960006
1 0.45703125 0.24722222222200002 0.0421875 0.06296296296300002
1 0.51640625 0.310185185185 0.0515625 0.05
1 0.5453125 0.293055555556 0.04375 0.06018518518520003
1 0.571875 0.27222222222200004 0.036458333333333336 0.05555555555559998
1 0.6348958333333333 0.29212962963 0.03958333333333333 0.058333333333299965
1 0.58359375 0.249537037037 0.030729166666666665 0.04351851851849999
1 0.5911458333333334 0.226388888889 0.03229166666666666 0.04166666666670001
1 0.6708333333333333 0.23935185185200003 0.030208333333333334 0.0490740740741
1 0.6348958333333333 0.251851851852 0.03958333333333333 0.05370370370370002
1 0.653125 0.196296296296 0.025 0.02777777777779999
1 0.63828125 0.1875 0.024479166666666666 0.02314814814809999
1 0.6041666666666666 0.215277777778 0.028125 0.037962962963000016
1 0.5559895833333334 0.158333333333 0.0203125 0.03148148148150001
1 0.5716145833333334 0.154166666667 0.0140625 0.019444444444400022
0 0.7059895833333333 0.293981481481 0.015104166666666667 0.05462962962960005
0 0.3359375 0.23518518518500003 0.008333333333333333 0.046296296296300006
0 0.3697916666666667 0.212962962963 0.009375 0.035185185185199974
0 0.3841145833333333 0.2125 0.0078125 0.0342592592593
0 0.42604166666666665 0.20462962963 0.009375 0.03333333333330002
0 0.4708333333333333 0.18055555555600003 0.008333333333333333 0.02777777777779999
