1 0.521219135802 0.521484375 0.14583333333299997 0.1708984375
1 0.490547839506 0.3154296875 0.07214506172839998 0.0791015625
1 0.484375 0.21630859375 0.050540123456799944 0.0517578125
1 0.303240740741 0.314208984375 0.08796296296299998 0.10009765625
1 0.163773148148 0.333251953125 0.0698302469136 0.09912109375
1 0.107060185185 0.5712890625 0.16628086419799998 0.2060546875
1 0.24826388888899997 0.268310546875 0.065200617284 0.09130859375
1 0.469521604938 0.16552734375 0.040123456790099946 0.04296875
1 0.49151234567899993 0.14111328125 0.023148148148100074 0.0322265625
1 0.42341820987699996 0.1025390625 0.017361111111100058 0.01953125
1 0.44483024691399997 0.12646484375 0.017746913580200068 0.025390625
1 0.47029320987699996 0.136962890625 0.02546296296299998 0.02978515625
1 0.47646604938299997 0.115966796875 0.023148148148100074 0.02001953125
1 0.45505401234599996 0.104736328125 0.018904320987699934 0.01806640625
1 0.448109567901 0.08837890625 0.017361111111100058 0.0166015625
1 0.4982638888889999 0.09814453125 0.018132716049400085 0.015625
1 0.43711419753099995 0.07470703125 0.012345679012300064 0.017578125
1 0.43171296296299994 0.059326171875 0.010802469135800012 0.01806640625
0 0.634837962963 0.22705078125 0.017361111111100058 0.0625
0 0.654899691358 0.227294921875 0.01504629629629998 0.06005859375
0 0.609953703704 0.207763671875 0.016203703703700018 0.05322265625
0 0.5715663580249999 0.17578125 0.013503086419799928 0.044921875
1 0.388888888889 0.162109375 0.033950617284 0.0361328125
1 0.336612654321 0.16650390625 0.04050925925929996 0.052734375
