1 0.68515625 0.905092592593 0.1390625 0.18796296296300002
1 0.359375 0.924074074074 0.19895833333333332 0.15
1 0.049479166666666664 0.962037037037 0.09375 0.07407407407410008
1 0.23567708333333334 0.7513888888890001 0.21510416666666665 0.2972222222219999
1 0.52734375 0.626851851852 0.1421875 0.2407407407409999
1 0.69296875 0.654166666667 0.13385416666666666 0.28611111111099996
1 0.32578125 0.517592592593 0.18385416666666665 0.18888888888900005
1 0.43723958333333335 0.418518518519 0.09427083333333333 0.14074074074099996
1 0.6763020833333333 0.47638888888899994 0.07760416666666667 0.13240740740700002
1 0.5713541666666666 0.441666666667 0.090625 0.14814814814800004
1 0.54375 0.370833333333 0.09895833333333333 0.11203703703699999
1 0.503125 0.343055555556 0.06041666666666667 0.08240740740740005
1 0.5341145833333333 0.305555555556 0.04739583333333333 0.06111111111109996
1 0.6690104166666666 0.3856481481480001 0.057812499999999996 0.08240740740740005
1 0.6731770833333334 0.328703703704 0.0453125 0.06481481481479998
1 0.6802083333333333 0.3027777777780001 0.046875 0.05185185185189996
1 0.5994791666666667 0.32685185185200005 0.046875 0.08518518518520003
1 0.6223958333333334 0.298611111111 0.041666666666666664 0.06944444444440002
1 0.6203125 0.261111111111 0.036458333333333336 0.046296296296299985
1 0.5567708333333333 0.276851851852 0.042708333333333334 0.05370370370370002
1 0.5716145833333334 0.253703703704 0.03802083333333333 0.05
1 0.58828125 0.22962962963000003 0.028645833333333332 0.040740740740700006
1 0.6369791666666667 0.239814814815 0.025 0.03888888888890002
1 0.6020833333333333 0.22037037037 0.028125 0.04074074074069998
1 0.6625 0.236111111111 0.03125 0.040740740740700006
1 0.6677083333333333 0.218518518519 0.025 0.03148148148150001
1 0.6197916666666666 0.20046296296300004 0.021875 0.03240740740739999
1 0.6557291666666667 0.20601851851900002 0.025 0.026851851851900012
0 0.7109375 0.285185185185 0.009375 0.05370370370370002
0 0.5869791666666666 0.27592592592600007 0.0125 0.04259259259259996
0 0.47682291666666665 0.179166666667 0.0078125 0.02870370370370002
0 0.5177083333333333 0.177314814815 0.008333333333333333 0.030555555555600033
0 0.515625 0.15972222222200003 0.00625 0.02314814814809999
0 0.1265625 0.331481481481 0.013541666666666667 0.06296296296300002
0 0.11562499999999999 0.329166666667 0.011458333333333333 0.06388888888889994
0 0.10104166666666667 0.330555555556 0.0125 0.06666666666670004
0 0.88125 0.498611111111 0.021875 0.11944444444400001
0 0.8544270833333333 0.49490740740700007 0.0234375 0.12129629629600003
0 0.8338541666666667 0.48888888888900006 0.025 0.11851851851900001
1 0.5544270833333333 0.17870370370400002 0.0203125 0.029629629629599998
1 0.57265625 0.154166666667 0.015104166666666667 0.025
1 0.5552083333333333 0.156481481481 0.016666666666666666 0.029629629629599998
1 0.17005208333333333 0.376851851852 0.10781249999999999 0.10370370370400003
1 0.03697916666666667 0.408333333333 0.071875 0.08148148148150001
