1 0.413699127907 0.713994565217 0.16024709302300003 0.19972826086999998
1 0.728742732558 0.767889492754 0.194404069767 0.22327898550700007
1 0.920239825581 0.636322463768 0.15879360465099987 0.1856884057969999
1 0.608466569767 0.521059782609 0.12681686046499996 0.14175724637700005
1 0.465661337209 0.50928442029 0.12172965116300005 0.13088768115899999
1 0.697492732558 0.43048007246400005 0.09920058139529993 0.10190217391300002
1 0.689316860465 0.358695652174 0.07994186046510009 0.09239130434780003
1 0.453851744186 0.401494565217 0.09011627906979999 0.09375
1 0.530159883721 0.354846014493 0.07485465116279995 0.08740942028989997
1 0.581031976744 0.310235507246 0.06904069767439994 0.06431159420289999
1 0.879905523256 0.41259057971 0.08757267441860002 0.11231884057999998
1 0.843386627907 0.32110507246400005 0.08284883720930002 0.07336956521739996
1 0.736373546512 0.310235507246 0.06649709302330002 0.060688405797100005
1 0.698764534884 0.264945652174 0.05377906976740005 0.048007246376799956
0 0.269622093023 0.457880434783 0.03997093023260003 0.11231884057999998
