1 0.299739583333 0.8875000000000001 0.15989583333299998 0.22314814814799994
1 0.90078125 0.8796296296300001 0.1973958333330001 0.22962962962999997
1 0.695052083333 0.595833333333 0.16927083333300008 0.237962962963
1 0.508333333333 0.496296296296 0.13020833333299997 0.22777777777800007
1 0.3859375 0.5157407407410001 0.09895833333329994 0.17777777777799994
1 0.309114583333 0.386574074074 0.06614583333330006 0.14722222222200002
1 0.389322916667 0.32685185185200005 0.0640625 0.10370370370400003
1 0.478385416667 0.337037037037 0.06822916666669994 0.0907407407407
1 0.959375 0.409722222222 0.08020833333329994 0.08055555555559998
0 0.149739583333 0.714814814815 0.038020833333299996 0.18518518518499993
0 0.170572916667 0.6847222222220001 0.0390625 0.17500000000000002
1 0.45390625 0.286111111111 0.0453125 0.06296296296300002
1 0.41562499999999997 0.25462962963 0.03854166666670006 0.051851851851899985
1 0.4 0.221759259259 0.025 0.0398148148148
1 0.3765625 0.19212962963 0.025 0.02870370370370002
1 0.35 0.198148148148 0.022916666666699944 0.02777777777779999
1 0.32421875 0.193981481481 0.027604166666699945 0.02870370370370002
1 0.49765624999999997 0.21944444444400002 0.04010416666669994 0.05000000000000003
1 0.44296874999999997 0.159259259259 0.018229166666699943 0.029629629629599998
1 0.42578125 0.153703703704 0.015104166666699944 0.02222222222220001
0 0.631770833333 0.21574074074100003 0.011458333333299937 0.04259259259259999
0 0.8026041666669999 0.29583333333300005 0.015625 0.06759259259259996
0 0.728125 0.261111111111 0.009375 0.05555555555559998
0 0.7734375 0.273148148148 0.011458333333299937 0.05555555555559998
0 0.52265625 0.18055555555600003 0.006770833333330018 0.03148148148150001
