1 0.54224537037 0.43994140625 0.10841049382699995 0.1298828125
1 0.40007716049399994 0.427001953125 0.10108024691399994 0.11572265625
1 0.315007716049 0.694580078125 0.17476851851900002 0.22119140625
1 0.537037037037 0.333740234375 0.06867283950620003 0.08251953125
1 0.45505401234599996 0.288818359375 0.054398148148100074 0.07470703125
1 0.514081790123 0.23779296875 0.04205246913580001 0.048828125
1 0.603395061728 0.233154296875 0.08796296296299998 0.13720703125
1 0.212770061728 0.312255859375 0.09529320987649997 0.08544921875
1 0.310185185185 0.230224609375 0.034722222222200026 0.03564453125
1 0.42380401234599996 0.2421875 0.042824074074100035 0.048828125
1 0.443287037037 0.213623046875 0.037037037037000016 0.03271484375
1 0.3655478395059999 0.196533203125 0.07831790123459996 0.13623046875
1 0.456018518519 0.184326171875 0.02700617283950003 0.03466796875
1 0.475308641975 0.169921875 0.02700617283950003 0.0263671875
1 0.49131944444399994 0.1474609375 0.023533950617299914 0.0263671875
0 0.780671296296 0.281005859375 0.0235339506173 0.06591796875
