1 0.333854166667 0.5717592592590001 0.10104166666700003 0.22314814814799994
1 0.768229166667 0.738888888889 0.203125 0.27962962963
1 0.791145833333 0.514814814815 0.1760416666669999 0.16851851851900002
1 0.8390624999999999 0.44583333333300007 0.121875 0.11203703703700003
1 0.9609375 0.406481481481 0.07708333333329993 0.08703703703699998
1 0.609635416667 0.264351851852 0.05989583333329994 0.07129629629629998
1 0.5640625 0.442592592593 0.11145833333300002 0.15
1 0.315364583333 0.398148148148 0.06614583333329993 0.10740740740700003
1 0.41484375 0.3652777777780001 0.07760416666670006 0.09722222222220002
1 0.487760416667 0.325925925926 0.0671875 0.09444444444440002
1 0.442447916667 0.284259259259 0.05572916666669994 0.06481481481479998
1 0.365364583333 0.276388888889 0.0359375 0.07314814814810004
1 0.42265625 0.250462962963 0.036979166666700064 0.05277777777779999
1 0.393229166667 0.22129629629599998 0.03229166666669994 0.044444444444399996
1 0.3546875 0.223148148148 0.02916666666670006 0.04444444444440002
1 0.326302083333 0.22685185185200002 0.031770833333299935 0.046296296296300006
0 0.287760416667 0.278240740741 0.015104166666699944 0.056481481481500014
1 0.349479166667 0.193981481481 0.028125 0.02870370370370002
1 0.384895833333 0.19259259259300002 0.023958333333300056 0.02777777777779999
1 0.455729166667 0.195833333333 0.030208333333300055 0.026851851851900012
1 0.438020833333 0.169907407407 0.030208333333300055 0.02129629629629998
1 0.428125 0.15509259259300004 0.013541666666699944 0.019444444444400022
1 0.4421875 0.15509259259300004 0.0125 0.02129629629629998
0 0.52421875 0.180092592593 0.008854166666669983 0.03981481481480003
0 0.01640625 0.8722222222220001 0.0296875 0.16666666666699995
