1 0.470679012345679 0.59326171875 0.14814814814814814 0.2197265625
1 0.6701388888888888 0.626220703125 0.16666666666666666 0.19384765625
1 0.503858024691358 0.863525390625 0.19444444444444442 0.27197265625
1 0.8034336419753086 0.940673828125 0.26118827160493824 0.11767578125
1 0.24749228395061726 0.33154296875 0.16010802469135801 0.0927734375
1 0.46392746913580246 0.290283203125 0.10146604938271604 0.07763671875
1 0.6124614197530864 0.2841796875 0.06751543209876543 0.0654296875
1 0.7540509259259259 0.2802734375 0.0636574074074074 0.0732421875
0 0.01755401234567901 0.2626953125 0.019675925925925923 0.0537109375
0 0.3175154320987654 0.257080078125 0.020833333333333332 0.05517578125
1 0.5476466049382716 0.250732421875 0.05208333333333333 0.06396484375
1 0.6743827160493827 0.224853515625 0.043209876543209874 0.05419921875
1 0.6315586419753086 0.23828125 0.05246913580246913 0.048828125
1 0.6427469135802468 0.20849609375 0.03780864197530864 0.0361328125
1 0.5592206790123456 0.217041015625 0.03819444444444444 0.03759765625
1 0.5972222222222222 0.206298828125 0.033950617283950615 0.04541015625
1 0.5437885802469136 0.1962890625 0.0320216049382716 0.03125
1 0.53125 0.17578125 0.02854938271604938 0.0380859375
1 0.46354166666666663 0.17529296875 0.03125 0.0302734375
1 0.455054012345679 0.150390625 0.02044753086419753 0.0234375
1 0.4463734567901234 0.131591796875 0.013117283950617283 0.01611328125
1 0.6049382716049383 0.177978515625 0.027777777777777776 0.02978515625
1 0.5416666666666666 0.14794921875 0.017746913580246913 0.0234375
1 0.5121527777777778 0.150146484375 0.021219135802469133 0.01904296875
1 0.5696373456790124 0.183349609375 0.022762345679012343 0.02490234375
1 0.5636574074074073 0.17236328125 0.02546296296296296 0.0244140625
1 0.5275848765432098 0.136962890625 0.015046296296296295 0.02001953125
1 0.5169753086419753 0.13037109375 0.013888888888888888 0.017578125
1 0.4942129629629629 0.1279296875 0.013117283950617283 0.013671875
1 0.50366512345679 0.122314453125 0.011188271604938271 0.01123046875
0 0.5615354938271605 0.148681640625 0.008101851851851851 0.02197265625
1 0.47916666666666663 0.105224609375 0.009259259259259259 0.01123046875
