0 0.439133986928 0.366455078125 0.03431372549019998 0.08447265625
0 0.75714869281 0.384765625 0.03227124183009991 0.0927734375
0 0.896854575163 0.48291015625 0.03227124183009991 0.111328125
0 0.582924836601 0.163330078125 0.008986928104579994 0.02294921875
1 0.8457924836600001 0.26123046875 0.051062091503299926 0.0517578125
1 0.800040849673 0.181640625 0.05596405228760009 0.0283203125
1 0.127655228758 0.242431640625 0.044526143790799985 0.05322265625
1 0.359272875817 0.179931640625 0.027369281045800026 0.03076171875
1 0.553308823529 0.138671875 0.03063725490199998 0.037109375
1 0.626633986928 0.124755859375 0.016339869281000053 0.01513671875
