1 0.76484375 0.609722222222 0.17500000000000002 0.20277777777799996
1 0.7253906250000001 0.45694444444400006 0.14140625 0.13611111111099997
1 0.63203125 0.23472222222200004 0.1390625 0.08611111111109998
1 0.7019531250000001 0.17222222222200004 0.22265625 0.15555555555599998
1 0.5007812500000001 0.12291666666700002 0.07500000000000001 0.05138888888889998
1 0.5105468750000001 0.584027777778 0.15234375 0.1847222222219999
1 0.470703125 0.838888888889 0.22421875000000002 0.30555555555599995
1 0.26796875000000003 0.529166666667 0.153125 0.16388888888900005
1 0.17539062500000002 0.690277777778 0.17734375000000002 0.21944444444399996
1 0.9363281250000001 0.545138888889 0.12265625000000001 0.16527777777799996
1 0.9359375000000001 0.336805555556 0.1265625 0.26527777777800005
0 0.856640625 0.229861111111 0.02109375 0.07638888888890003
0 0.8851562500000001 0.186805555556 0.0171875 0.07083333333330002
