1 0.575260416667 0.8421296296299999 0.22552083333300002 0.31388888888899996
1 0.871354166667 0.862037037037 0.2354166666669999 0.26111111111099994
1 0.552083333333 0.47175925925900003 0.11562499999999999 0.16203703703699998
1 0.403125 0.415277777778 0.078125 0.11944444444400001
1 0.364322916667 0.300925925926 0.0421875 0.0907407407407
1 0.39140625 0.243518518519 0.03385416666669994 0.05
1 0.311979166667 0.226388888889 0.023958333333300056 0.0342592592593
1 0.3484375 0.226851851852 0.030208333333300055 0.042592592592600016
1 0.372916666667 0.195833333333 0.027083333333300055 0.0342592592593
1 0.3296875 0.193518518519 0.01875 0.03148148148150001
1 0.5125 0.23425925925900004 0.04166666666669994 0.046296296296300006
1 0.427864583333 0.152314814815 0.0171875 0.02129629629629998
1 0.440885416667 0.152314814815 0.015104166666699944 0.025
1 0.451302083333 0.162962962963 0.016145833333300056 0.02222222222220001
0 0.346875 0.52962962963 0.03125 0.14259259259299997
0 0.194010416667 0.3652777777780001 0.0140625 0.05462962962960005
