1 0.292708333333 0.832407407407 0.16354166666700004 0.3277777777780001
1 0.47578125 0.6768518518520001 0.16927083333300003 0.27962962963
1 0.31875 0.6375000000000001 0.109375 0.22314814814799994
1 0.90078125 0.881944444444 0.19010416666699992 0.23425925925899999
1 0.754427083333 0.679166666667 0.1994791666669999 0.26018518518499995
1 0.612239583333 0.517592592593 0.12343749999999999 0.17777777777800005
1 0.441145833333 0.43981481481500007 0.0875 0.14814814814800004
1 0.53203125 0.408796296296 0.09114583333330005 0.132407407407
1 0.960416666667 0.407407407407 0.078125 0.08333333333329997
1 0.50703125 0.34537037037 0.06927083333330006 0.08333333333329997
1 0.42734374999999997 0.349074074074 0.07447916666670006 0.07962962962960006
0 0.386458333333 0.496759259259 0.028125 0.12314814814799999
0 0.8559895833329999 0.314351851852 0.016145833333299938 0.07314814814810004
0 0.796614583333 0.28750000000000003 0.013020833333299937 0.058333333333299965
1 0.465885416667 0.312037037037 0.04947916666669994 0.07222222222220001
1 0.37135416666699994 0.305555555556 0.042708333333300055 0.07037037037040006
1 0.44296874999999997 0.283333333333 0.0359375 0.05740740740740004
1 0.427864583333 0.261574074074 0.03489583333329994 0.054629629629600024
1 0.363802083333 0.262037037037 0.0328125 0.046296296296299985
1 0.40859375 0.24398148148100002 0.030729166666699944 0.04722222222220001
1 0.396354166667 0.209259259259 0.026041666666699943 0.0388888888889
1 0.38359375 0.203703703704 0.02135416666670006 0.03148148148150001
1 0.354166666667 0.20648148148100004 0.022916666666699944 0.03703703703699999
1 0.44296874999999997 0.158796296296 0.019270833333300055 0.02870370370370002
1 0.4265625 0.154166666667 0.015625 0.02129629629629998
0 0.514583333333 0.20416666666700004 0.009375 0.036111111111100005
0 0.540104166667 0.182407407407 0.007291666666669983 0.02777777777779999
0 0.523177083333 0.17685185185200003 0.008854166666669983 0.029629629629599998
0 0.5109375 0.180092592593 0.007291666666669983 0.02870370370370002
0 0.575520833333 0.199074074074 0.00625 0.03148148148150001
0 0.597135416667 0.200925925926 0.008854166666669983 0.03148148148150001
