1 0.4567901234567901 0.844970703125 0.18055555555555555 0.28662109375
1 0.7193287037037036 0.84814453125 0.22260802469135801 0.302734375
1 0.4427083333333333 0.462158203125 0.09760802469135801 0.13134765625
1 0.5860339506172839 0.43994140625 0.10493827160493827 0.1572265625
1 0.4724151234567901 0.336669921875 0.06983024691358024 0.08544921875
1 0.4585262345679012 0.273681640625 0.06134259259259259 0.05322265625
0 0.7260802469135802 0.51123046875 0.03780864197530864 0.1220703125
0 0.6942515432098765 0.3271484375 0.03125 0.0869140625
0 0.234375 0.38427734375 0.03279320987654321 0.09765625
0 0.3449074074074074 0.253173828125 0.018518518518518517 0.06494140625
1 0.759645061728395 0.27880859375 0.08564814814814814 0.072265625
1 0.7071759259259259 0.258056640625 0.046296296296296294 0.05224609375
1 0.6340663580246914 0.241943359375 0.04513888888888889 0.04833984375
1 0.5310570987654321 0.26416015625 0.05516975308641975 0.0556640625
1 0.44830246913580246 0.22216796875 0.038580246913580245 0.0419921875
1 0.5044367283950617 0.224853515625 0.04513888888888889 0.04541015625
1 0.4888117283950617 0.19287109375 0.027777777777777776 0.0302734375
1 0.4099151234567901 0.2021484375 0.04128086419753086 0.0380859375
1 0.6583719135802468 0.213134765625 0.0466820987654321 0.04150390625
1 0.6228780864197531 0.1982421875 0.03047839506172839 0.0283203125
1 0.5788966049382716 0.185302734375 0.03125 0.03662109375
1 0.5744598765432098 0.24072265625 0.05246913580246913 0.05859375
1 0.5596064814814814 0.21533203125 0.03973765432098765 0.0390625
1 0.5416666666666666 0.19189453125 0.03317901234567901 0.0419921875
1 0.43730709876543206 0.17529296875 0.03665123456790123 0.0498046875
1 0.4776234567901234 0.15234375 0.023919753086419752 0.021484375
1 0.5241126543209876 0.13330078125 0.017361111111111112 0.0185546875
1 0.4737654320987654 0.136474609375 0.017746913580246913 0.02001953125
1 0.49537037037037035 0.125 0.015432098765432098 0.0166015625
1 0.5125385802469136 0.12158203125 0.015046296296296295 0.015625
