1 0.6822916666666666 0.661865234375 0.15162037037037035 0.21630859375
1 0.8092206790123456 0.859619140625 0.26118827160493824 0.27978515625
1 0.8404706790123456 0.496337890625 0.1554783950617284 0.22119140625
1 0.8589891975308641 0.3623046875 0.09760802469135801 0.140625
1 0.6630015432098765 0.2568359375 0.0628858024691358 0.068359375
1 0.7154706790123456 0.22607421875 0.04822530864197531 0.0595703125
1 0.8254243827160493 0.206298828125 0.08912037037037036 0.05322265625
0 0.376929012345679 0.26611328125 0.022376543209876542 0.064453125
0 0.4552469135802469 0.19775390625 0.015432098765432098 0.0498046875
0 0.4249614197530864 0.197509765625 0.018132716049382713 0.04833984375
0 0.35918209876543206 0.212646484375 0.015432098765432098 0.04443359375
0 0.3663194444444444 0.18798828125 0.016589506172839504 0.046875
0 0.3472222222222222 0.189208984375 0.016975308641975308 0.04150390625
1 0.61304012345679 0.17626953125 0.03780864197530864 0.0400390625
1 0.6685956790123456 0.187255859375 0.04089506172839506 0.04638671875
1 0.6365740740740741 0.134521484375 0.026234567901234566 0.02978515625
1 0.5455246913580246 0.163330078125 0.031635802469135804 0.03857421875
1 0.5524691358024691 0.13916015625 0.02700617283950617 0.025390625
1 0.5244984567901234 0.107666015625 0.03433641975308642 0.05419921875
0 0.4878472222222222 0.1455078125 0.011959876543209876 0.0390625
1 0.5623070987654321 0.114990234375 0.02507716049382716 0.02880859375
1 0.5530478395061728 0.095947265625 0.015046296296296295 0.02197265625
1 0.6128472222222222 0.125244140625 0.025848765432098762 0.02978515625
1 0.7073688271604938 0.146728515625 0.06828703703703703 0.07568359375
1 0.6545138888888888 0.121337890625 0.018132716049382713 0.02490234375
1 0.5032793209876543 0.096923828125 0.015046296296296295 0.01611328125
1 0.5055941358024691 0.08740234375 0.01427469135802469 0.0166015625
1 0.5594135802469136 0.078125 0.013117283950617283 0.01171875
1 0.9801311728395061 0.514892578125 0.03896604938271605 0.22509765625
