1 0.6306322674418604 0.670969202899 0.16024709302325582 0.21422101449299993
1 0.32721656976744184 0.62794384058 0.20748546511627908 0.3310688405800001
1 0.1855014534883721 0.484375 0.09992732558139535 0.11277173913000002
1 0.08957122093023255 0.62160326087 0.17405523255813954 0.1779891304350001
1 0.6248183139534884 0.9067028985510001 0.21475290697674418 0.1793478260870001
1 0.5267078488372093 0.461503623188 0.11155523255813954 0.12318840579699997
1 0.47874273255813954 0.38428442029 0.09774709302325581 0.10914855072499996
1 0.46856831395348836 0.322690217391 0.08757267441860465 0.0701992753623
1 0.3230377906976744 0.39696557971 0.09883720930232558 0.07472826086960002
1 0.27561773255813954 0.323596014493 0.07521802325581395 0.06567028985509996
1 0.16569767441860464 0.38134057971 0.07776162790697674 0.07789855072459999
1 0.2076671511627907 0.278079710145 0.04905523255813953 0.04981884057969995
1 0.3871729651162791 0.254755434783 0.0403343023255814 0.06567028985509998
1 0.34320494186046513 0.268795289855 0.06286337209302326 0.09375
1 0.25181686046511625 0.268115942029 0.055232558139534885 0.05434782608699998
