0 0.825038580247 0.879150390625 0.07368827160490002 0.21826171875
0 0.473572530864 0.4521484375 0.050540123456799944 0.126953125
0 0.635802469136 0.464111328125 0.04475308641979993 0.12353515625
0 0.707561728395 0.480224609375 0.03626543209879999 0.11572265625
0 0.21450617283999998 0.47119140625 0.033950617284 0.125
0 0.198302469136 0.40234375 0.03009259259259998 0.1005859375
0 0.025655864197499996 0.41845703125 0.035108024691399994 0.1025390625
0 0.49402006172799995 0.232421875 0.026620370370400017 0.0625
0 0.615354938272 0.265869140625 0.027777777777800057 0.07470703125
0 0.16145833333299997 0.3017578125 0.03356481481479999 0.0791015625
1 0.537615740741 0.850341796875 0.20023148148100006 0.29150390625
0 0.138310185185 0.232177734375 0.014274691357999997 0.05224609375
1 0.287229938272 0.180419921875 0.04205246913580001 0.03564453125
1 0.17399691358 0.185546875 0.03317901234570002 0.0341796875
1 0.3547453703699999 0.166748046875 0.029706790123500033 0.03955078125
1 0.358603395062 0.146728515625 0.03356481481479999 0.04638671875
1 0.400848765432 0.1416015625 0.02546296296299998 0.025390625
1 0.33429783950599995 0.1416015625 0.0235339506173 0.025390625
1 0.39583333333299997 0.108154296875 0.016203703703700018 0.02001953125
1 0.383101851852 0.103515625 0.013888888888900029 0.0166015625
1 0.4670138888889999 0.116455078125 0.03742283950620003 0.05419921875
0 0.507523148148 0.12890625 0.01195987654320005 0.02734375
1 0.515046296296 0.10498046875 0.019290123456799948 0.021484375
1 0.444058641975 0.086181640625 0.014660493827199968 0.01318359375
1 0.406828703704 0.08935546875 0.01195987654320005 0.01171875
1 0.451195987654 0.076904296875 0.015817901234600005 0.01806640625
