1 0.43267746913580246 0.884765625 0.23418209876543208 0.2294921875
1 0.494020061728395 0.336669921875 0.09066358024691358 0.10791015625
1 0.46412037037037035 0.23193359375 0.05864197530864197 0.0732421875
1 0.5366512345679012 0.239501953125 0.057870370370370364 0.06787109375
1 0.5065586419753086 0.176025390625 0.035493827160493825 0.04052734375
1 0.5532407407407407 0.187255859375 0.039351851851851846 0.04443359375
1 0.7853009259259259 0.41845703125 0.10995370370370369 0.125
1 0.8244598765432098 0.322509765625 0.0794753086419753 0.08349609375
1 0.671875 0.27685546875 0.06520061728395062 0.099609375
1 0.7237654320987654 0.251220703125 0.05632716049382716 0.06689453125
1 0.6415895061728395 0.212646484375 0.042438271604938266 0.04833984375
1 0.7037037037037037 0.2021484375 0.035493827160493825 0.0498046875
1 0.6161265432098765 0.166748046875 0.032407407407407406 0.04248046875
1 0.537037037037037 0.151611328125 0.03317901234567901 0.03662109375
1 0.5559413580246914 0.1328125 0.02546296296296296 0.02734375
1 0.6670524691358024 0.177978515625 0.04089506172839506 0.03857421875
1 0.6429398148148148 0.139404296875 0.03125 0.04443359375
1 0.6020447530864197 0.130126953125 0.024305555555555552 0.03271484375
0 0.3312114197530864 0.247314453125 0.021219135802469133 0.06298828125
0 0.34857253086419754 0.248779296875 0.02199074074074074 0.06591796875
0 0.3586033950617284 0.21044921875 0.015046296296296295 0.05078125
0 0.43364197530864196 0.17333984375 0.014660493827160493 0.0458984375
1 0.5414737654320987 0.1064453125 0.02662037037037037 0.02734375
1 0.5025077160493827 0.09716796875 0.015817901234567902 0.017578125
