1 0.16640625 0.7384259259260001 0.24010416666666667 0.3601851851849999
1 0.5372395833333333 0.522685185185 0.1171875 0.20277777777800005
1 0.39036458333333335 0.48888888888900006 0.1265625 0.19629629629600004
1 0.6755208333333333 0.585648148148 0.103125 0.20462962962999995
1 0.6708333333333333 0.405092592593 0.0625 0.106481481481
1 0.5270833333333333 0.379166666667 0.11145833333333333 0.10833333333299996
1 0.5015625 0.340277777778 0.06354166666666666 0.07685185185189997
1 0.5984375 0.327777777778 0.053125 0.08703703703699998
1 0.6778645833333333 0.312962962963 0.0453125 0.07962962962960006
1 0.6229166666666667 0.297222222222 0.040625 0.06481481481479998
1 0.5346354166666667 0.303703703704 0.0453125 0.05555555555559998
1 0.5580729166666667 0.27962962963000004 0.0390625 0.0592592592593
1 0.5731770833333333 0.255092592593 0.034895833333333334 0.0490740740741
1 0.6208333333333333 0.262037037037 0.034375 0.04814814814810004
1 0.6328125 0.241666666667 0.03125 0.040740740740700006
1 0.5877604166666667 0.233333333333 0.0328125 0.04814814814809999
1 0.6005208333333333 0.218981481481 0.026041666666666668 0.0398148148148
1 0.6200520833333333 0.199537037037 0.022395833333333334 0.030555555555599977
1 0.6734375 0.21574074074100003 0.03125 0.029629629629599998
1 0.4791666666666667 0.209722222222 0.0375 0.04722222222220001
1 0.55625 0.160648148148 0.015625 0.026851851851900012
1 0.5723958333333333 0.156018518519 0.015625 0.02129629629629998
0 0.7106770833333333 0.268981481481 0.009895833333333333 0.039814814814799974
0 0.73203125 0.44027777777800003 0.0203125 0.10092592592600004
0 0.47890625 0.181018518519 0.008854166666666666 0.030555555555599977
0 0.21197916666666666 0.283333333333 0.0125 0.06111111111109996
1 0.04010416666666666 0.4041666666670001 0.078125 0.08981481481479997
0 0.8778645833333333 0.677314814815 0.033854166666666664 0.14166666666699995
0 0.9135416666666667 0.677777777778 0.03125 0.15370370370399994
