1 0.49453125 0.7745370370370002 0.15677083333333333 0.3472222222220001
1 0.27578125 0.756481481481 0.22343749999999998 0.32407407407399996
1 0.5809895833333333 0.44444444444400005 0.08697916666666666 0.17407407407399997
1 0.5783854166666667 0.298611111111 0.0484375 0.07129629629629998
1 0.6411458333333333 0.265740740741 0.03333333333333333 0.05555555555559998
1 0.6875 0.226388888889 0.026041666666666668 0.0342592592593
1 0.628125 0.230555555556 0.03229166666666666 0.046296296296299985
1 0.65078125 0.20833333333300003 0.0296875 0.03703703703699999
1 0.61171875 0.20462962963 0.0328125 0.040740740740700006
1 0.5390625 0.20416666666700004 0.030208333333333334 0.036111111111100005
1 0.57265625 0.15324074074100003 0.015104166666666667 0.019444444444400022
1 0.5591145833333333 0.15324074074100003 0.015104166666666667 0.02314814814809999
1 0.5481770833333334 0.165277777778 0.0171875 0.02129629629629998
0 0.6536458333333334 0.530555555556 0.030208333333333334 0.14074074074099996
0 0.26015625 0.26712962963 0.013020833333333334 0.058333333333299965
0 0.3716145833333333 0.22037037037000004 0.0109375 0.0388888888889
0 0.45859374999999997 0.18888888888900002 0.0078125 0.03333333333330002
