1 0.500816993464 0.6162109375 0.15441176470599993 0.189453125
1 0.699959150327 0.4736328125 0.12622549019600005 0.1357421875
1 0.489991830065 0.40185546875 0.11478758169899995 0.10546875
1 0.615604575163 0.34765625 0.08823529411760006 0.0947265625
1 0.603553921569 0.266845703125 0.07148692810460006 0.06396484375
1 0.49571078431400006 0.261474609375 0.08782679738559993 0.12353515625
1 0.27512254902 0.495361328125 0.14419934640499998 0.14990234375
1 0.195874183007 0.66796875 0.22344771241800002 0.2470703125
0 0.669934640523 0.279541015625 0.02777777777780007 0.06884765625
0 0.591299019608 0.20703125 0.021650326797399925 0.048828125
1 0.551266339869 0.14697265625 0.03553921568629996 0.0537109375
