1 0.24845679012345678 0.67578125 0.19675925925925924 0.216796875
1 0.6863425925925926 0.6611328125 0.1597222222222222 0.203125
1 0.7974537037037036 0.866455078125 0.2345679012345679 0.26611328125
1 0.5252700617283951 0.21630859375 0.05054012345679012 0.0546875
1 0.8742283950617283 0.578125 0.1766975308641975 0.1953125
1 0.8804012345679012 0.432373046875 0.13348765432098764 0.15087890625
1 0.7212577160493827 0.25830078125 0.07368827160493827 0.0869140625
1 0.6548996913580246 0.2294921875 0.05208333333333333 0.0498046875
1 0.6379243827160493 0.18603515625 0.04822530864197531 0.046875
1 0.7212577160493827 0.181640625 0.0466820987654321 0.048828125
1 0.8375771604938271 0.191162109375 0.18287037037037035 0.10205078125
0 0.4581404320987654 0.179443359375 0.015046296296296295 0.04736328125
0 0.41975308641975306 0.197021484375 0.016203703703703703 0.05517578125
0 0.3601466049382716 0.214599609375 0.019675925925925923 0.05126953125
0 0.3780864197530864 0.189208984375 0.016203703703703703 0.05029296875
0 0.3657407407407407 0.187255859375 0.015432098765432098 0.04736328125
1 0.6433256172839505 0.123779296875 0.04128086419753086 0.06591796875
1 0.611304012345679 0.11474609375 0.016589506172839504 0.021484375
1 0.5715663580246914 0.1064453125 0.019675925925925923 0.0224609375
1 0.5466820987654321 0.08642578125 0.021604938271604937 0.037109375
1 0.501736111111111 0.09765625 0.017361111111111112 0.0166015625
1 0.5061728395061729 0.089599609375 0.013888888888888888 0.01708984375
1 0.6043595679012346 0.07666015625 0.011188271604938271 0.0126953125
1 0.6799768518518519 0.129150390625 0.03587962962962963 0.05908203125
