1 0.5773533950617283 0.425537109375 0.09915123456790123 0.10986328125
1 0.40335648148148145 0.7451171875 0.4602623456790123 0.5078125
1 0.5250771604938271 0.289794921875 0.05632716049382716 0.06787109375
0 0.0933641975308642 0.265625 0.017746913580246913 0.052734375
0 0.3136574074074074 0.27001953125 0.017746913580246913 0.0546875
0 0.40354938271604934 0.222412109375 0.013888888888888888 0.04638671875
1 0.5025077160493827 0.235595703125 0.04436728395061728 0.04833984375
1 0.48244598765432095 0.1962890625 0.03587962962962963 0.037109375
1 0.5794753086419753 0.23876953125 0.040123456790123455 0.0458984375
1 0.5655864197530864 0.216796875 0.03780864197530864 0.041015625
1 0.613233024691358 0.191162109375 0.03356481481481481 0.03271484375
1 0.5241126543209876 0.167236328125 0.02199074074074074 0.02978515625
1 0.5561342592592592 0.15283203125 0.022762345679012343 0.0234375
1 0.5356867283950617 0.140625 0.018132716049382713 0.0205078125
1 0.5125385802469136 0.146240234375 0.01890432098765432 0.01806640625
1 0.47453703703703703 0.1591796875 0.020061728395061727 0.01953125
1 0.4402006172839506 0.1591796875 0.035493827160493825 0.0546875
1 0.49652777777777773 0.128173828125 0.013888888888888888 0.01611328125
1 0.5086805555555556 0.13330078125 0.017361111111111112 0.0185546875
1 0.4731867283950617 0.14697265625 0.016589506172839504 0.017578125
1 0.4654706790123457 0.1376953125 0.018132716049382713 0.017578125
1 0.486304012345679 0.114501953125 0.013503086419753086 0.01220703125
