1 0.7028645833333333 0.8435185185190001 0.1765625 0.3111111111110001
1 0.5197916666666667 0.6768518518520001 0.175 0.26111111111099994
1 0.6796875 0.64212962963 0.10729166666666666 0.2212962962960001
1 0.24791666666666667 0.68287037037 0.190625 0.267592592593
1 0.09557291666666666 0.8796296296300001 0.1890625 0.22962962962999997
1 0.3890625 0.512037037037 0.13229166666666667 0.17037037037000005
1 0.56015625 0.447222222222 0.0921875 0.14814814814800004
1 0.46249999999999997 0.4203703703700001 0.09375 0.12962962962999997
1 0.6598958333333333 0.406944444444 0.071875 0.11018518518500003
1 0.5963541666666666 0.375 0.06875 0.09629629629629999
1 0.5057291666666667 0.35462962963 0.065625 0.09444444444440002
1 0.690625 0.349537037037 0.053125 0.08240740740740005
1 0.621875 0.327314814815 0.046875 0.07129629629629998
1 0.5338541666666666 0.308796296296 0.046875 0.075
1 0.5466145833333333 0.274537037037 0.04635416666666667 0.06203703703699998
0 0.3768229166666667 0.386574074074 0.0296875 0.09722222222220002
0 0.7328125 0.44583333333299996 0.027083333333333334 0.113888888889
0 0.1734375 0.32638888888900003 0.019791666666666666 0.07129629629629998
0 0.1390625 0.325462962963 0.017708333333333333 0.075
0 0.11692708333333333 0.325462962963 0.0203125 0.06759259259259996
0 0.054427083333333334 0.35000000000000003 0.0140625 0.07037037037040006
0 0.040364583333333336 0.361111111111 0.0140625 0.05370370370370002
1 0.07578125 0.49074074074100005 0.1421875 0.14629629629600002
1 0.03828125 0.406481481481 0.07447916666666667 0.07962962962960006
1 0.6244791666666667 0.278240740741 0.040625 0.06018518518520003
1 0.6885416666666666 0.29583333333300005 0.040625 0.05277777777779999
1 0.5708333333333333 0.26018518518500006 0.035416666666666666 0.06111111111109998
1 0.5838541666666667 0.24444444444399996 0.03125 0.04814814814810002
1 0.6401041666666667 0.251388888889 0.03125 0.04351851851849999
1 0.596875 0.22962962963000003 0.03125 0.040740740740700006
1 0.60546875 0.21203703703700003 0.022395833333333334 0.03148148148150001
1 0.6440104166666667 0.231018518519 0.0296875 0.030555555555600033
1 0.6372395833333333 0.209259259259 0.03177083333333333 0.029629629629599998
1 0.6388020833333333 0.185648148148 0.0171875 0.025
1 0.67578125 0.21203703703700003 0.0234375 0.029629629629599998
1 0.5375 0.185648148148 0.025 0.030555555555599977
1 0.5671875 0.184259259259 0.02395833333333333 0.02777777777779999
1 0.5559895833333334 0.157407407407 0.01614583333333333 0.02592592592589998
1 0.5731770833333333 0.154166666667 0.0171875 0.02314814814809999
1 0.61796875 0.18055555555600003 0.0296875 0.024074074074100022
