1 0.31484375 0.9060185185190001 0.12760416666700003 0.18611111111100007
1 0.627604166667 0.8962962962960002 0.21979166666699998 0.20555555555599989
1 0.927864583333 0.9342592592590001 0.14322916666699992 0.12407407407400008
1 0.305208333333 0.659259259259 0.13645833333299998 0.287037037037
1 0.474479166667 0.627314814815 0.13854166666699996 0.25092592592600005
1 0.761458333333 0.748148148148 0.209375 0.2907407407409999
1 0.676302083333 0.519444444444 0.18489583333300008 0.18888888888900005
1 0.566145833333 0.417592592593 0.09479166666670007 0.13518518518500003
1 0.321354166667 0.47962962963 0.08125 0.13518518518499997
1 0.428385416667 0.437962962963 0.0859375 0.144444444444
1 0.334635416667 0.375 0.06302083333330005 0.08888888888890005
1 0.456770833333 0.372222222222 0.10104166666700003 0.10555555555599999
1 0.497135416667 0.343981481481 0.0671875 0.08055555555559998
1 0.466927083333 0.303703703704 0.0546875 0.06111111111109996
1 0.32447916666699994 0.31712962963 0.04375 0.06759259259259996
1 0.32057291666699994 0.2791666666670001 0.0359375 0.039814814814799974
1 0.402083333333 0.328240740741 0.05 0.08611111111109995
1 0.376822916667 0.293981481481 0.04322916666670006 0.06574074074070001
1 0.379947916667 0.2625 0.03802083333330006 0.04166666666670004
1 0.441927083333 0.2791666666670001 0.0390625 0.05462962962960005
1 0.42734374999999997 0.251851851852 0.03385416666669994 0.046296296296299985
1 0.413802083333 0.23101851851900002 0.0296875 0.04351851851850002
1 0.366145833333 0.24444444444399996 0.030208333333300055 0.04259259259259999
1 0.4 0.22037037037 0.026041666666699943 0.04074074074069998
1 0.3671875 0.220833333333 0.025 0.0342592592593
1 0.334635416667 0.237962962963 0.03385416666669994 0.03888888888890002
1 0.330208333333 0.219907407407 0.02916666666670006 0.0342592592593
1 0.38203125 0.198148148148 0.0234375 0.029629629629599998
1 0.339322916667 0.200925925926 0.018229166666699943 0.020370370370400005
1 0.4265625 0.156018518519 0.014583333333300056 0.019444444444400022
1 0.444010416667 0.159259259259 0.0171875 0.029629629629599998
1 0.58515625 0.25555555555600007 0.0390625 0.04444444444440002
1 0.9609375 0.406481481481 0.07708333333329993 0.08148148148150001
0 0.6546875 0.22407407407400004 0.015625 0.046296296296299985
0 0.77421875 0.281481481481 0.011979166666700063 0.06111111111109996
0 0.78828125 0.281481481481 0.011979166666700063 0.05370370370370002
0 0.522916666667 0.18055555555600003 0.00625 0.02777777777779999
0 0.751041666667 0.287037037037 0.013541666666700062 0.0592592592593
0 0.17135416666699999 0.390740740741 0.016666666666700004 0.0907407407407
0 0.196875 0.393518518519 0.016666666666700004 0.0907407407407
0 0.291666666667 0.269444444444 0.0125 0.05
