1 0.544174382716 0.817626953125 0.18942901234600007 0.28662109375
1 0.3478009259259999 0.5947265625 0.15316358024700003 0.2041015625
1 0.429783950617 0.3544921875 0.08564814814810003 0.111328125
1 0.5358796296299999 0.322265625 0.06635802469139995 0.08984375
1 0.460648148148 0.27880859375 0.05632716049379996 0.0791015625
1 0.546875 0.264404296875 0.048225308642000045 0.05908203125
0 0.7237654320989999 0.272705078125 0.020833333333299998 0.06005859375
0 0.130208333333 0.2919921875 0.017361111111100013 0.0595703125
0 0.192515432099 0.283203125 0.01774691358019998 0.0546875
0 0.35628858024699994 0.250244140625 0.018132716049399995 0.05126953125
1 0.3125 0.242919921875 0.05015432098770002 0.04931640625
1 0.556327160494 0.221923828125 0.03626543209879999 0.04443359375
1 0.505208333333 0.21142578125 0.0366512345679 0.046875
1 0.541666666667 0.193603515625 0.032407407407400037 0.03564453125
1 0.521990740741 0.175048828125 0.026234567901200004 0.02880859375
1 0.557098765432 0.176025390625 0.026234567901200004 0.02783203125
1 0.5515046296299999 0.16015625 0.02430555555559994 0.0283203125
1 0.5283564814809999 0.138916015625 0.01504629629629998 0.01708984375
1 0.5457175925929999 0.140380859375 0.01658950617280003 0.01611328125
1 0.555169753086 0.13525390625 0.016203703703700018 0.015625
1 0.536072530864 0.126708984375 0.012731481481500077 0.01318359375
1 0.5358796296299999 0.113525390625 0.012345679012300064 0.01123046875
1 0.5515046296299999 0.11962890625 0.012731481481500077 0.013671875
0 0.44714506172799995 0.145263671875 0.010030864197499986 0.02685546875
