1 0.42682291666666666 0.754166666667 0.1828125 0.30277777777800013
1 0.11796875 0.857407407407 0.22760416666666666 0.27037037036999995
1 0.6760416666666667 0.6342592592590001 0.134375 0.24444444444400001
1 0.35260416666666666 0.42314814814800006 0.140625 0.14259259259300003
1 0.07057291666666667 0.5236111111110001 0.1390625 0.14907407407399997
1 0.29609375 0.349074074074 0.08697916666666666 0.10185185185199996
1 0.2911458333333333 0.29120370370400006 0.071875 0.05277777777779999
1 0.03671875 0.440740740741 0.07135416666666666 0.06111111111109996
1 0.03671875 0.4 0.07135416666666666 0.05740740740740004
0 0.8236979166666667 0.601851851852 0.0328125 0.15185185185200006
1 0.49322916666666666 0.357407407407 0.078125 0.10185185185199996
1 0.53671875 0.30740740740700007 0.0546875 0.07592592592590003
1 0.6361979166666667 0.27962962963000004 0.0453125 0.07222222222220001
1 0.56484375 0.268981481481 0.04010416666666666 0.06574074074070001
1 0.49505208333333334 0.227314814815 0.0390625 0.056481481481500014
1 0.5859375 0.24629629629600003 0.030208333333333334 0.046296296296299985
1 0.6580729166666667 0.24490740740700004 0.0296875 0.04166666666670001
1 0.6036458333333333 0.227314814815 0.03125 0.04722222222220001
1 0.6408854166666667 0.207407407407 0.0265625 0.042592592592600016
1 0.6700520833333333 0.205555555556 0.0234375 0.03333333333330002
1 0.55625 0.156944444444 0.01875 0.026851851851900012
1 0.5731770833333333 0.153703703704 0.015104166666666667 0.020370370370400005
0 0.33515625 0.231018518519 0.009895833333333333 0.04907407407410003
0 0.69453125 0.252777777778 0.013020833333333334 0.046296296296299985
0 0.47890625 0.184722222222 0.005729166666666666 0.036111111111100005
0 0.5130208333333334 0.166203703704 0.00625 0.02870370370370002
0 0.4171875 0.197685185185 0.008333333333333333 0.036111111111100005
0 0.40598958333333335 0.203703703704 0.008854166666666666 0.03703703703699999
1 0.60859375 0.176388888889 0.0265625 0.036111111111100005
