1 0.23750000000000002 0.613194444444 0.1765625 0.19861111111099997
1 0.274609375 0.45277777777800005 0.14453125 0.13333333333300001
0 0.166015625 0.413194444444 0.02890625 0.1125
1 0.0578125 0.5555555555560001 0.11093750000000001 0.166666666667
1 0.491796875 0.401388888889 0.16015625 0.275
1 0.4890625 0.586111111111 0.15000000000000002 0.2
1 0.5261718750000001 0.8375 0.21796875000000002 0.30833333333299995
1 0.730078125 0.527083333333 0.14765625000000002 0.17361111111099994
1 0.8250000000000001 0.688194444444 0.18125000000000002 0.21527777777799995
0 0.39453125 0.251388888889 0.0203125 0.08611111111109998
1 0.37265625 0.218055555556 0.1421875 0.07222222222220004
1 0.037500000000000006 0.21944444444400002 0.07187500000000001 0.0694444444444
1 0.263671875 0.13125 0.07734375 0.0597222222222
1 0.417578125 0.147916666667 0.08046875 0.106944444444
