1 0.5183256172839998 0.714599609375 0.161651234568 0.24853515625
1 0.8015046296299999 0.680908203125 0.39081790123499993 0.63330078125
1 0.48861882715999994 0.325439453125 0.08063271604940007 0.09912109375
0 0.871913580247 0.42236328125 0.034722222222200116 0.1279296875
0 0.8005401234569999 0.3984375 0.02469135802470004 0.0693359375
1 0.058449074074099994 0.736083984375 0.11689814814799998 0.31298828125
0 0.014274691358 0.454833984375 0.028549382716 0.15087890625
1 0.119791666667 0.427978515625 0.12847222222200003 0.14794921875
1 0.278935185185 0.344970703125 0.07175925925929996 0.09326171875
1 0.19868827160499997 0.3291015625 0.0817901234568 0.08203125
1 0.334683641975 0.27587890625 0.06905864197529996 0.080078125
1 0.2696759259259999 0.263427734375 0.07407407407410004 0.08642578125
1 0.300154320988 0.2138671875 0.05246913580250001 0.05078125
1 0.3676697530859999 0.21875 0.04552469135800004 0.052734375
1 0.37017746913599997 0.189697265625 0.047453703703700015 0.03466796875
1 0.14795524691399997 0.224609375 0.0783179012346 0.04296875
1 0.174382716049 0.184326171875 0.0300925925926 0.03271484375
1 0.23649691357999997 0.1953125 0.05632716049379996 0.0390625
0 0.679012345679 0.278076171875 0.020061728395099974 0.07275390625
0 0.568094135802 0.236328125 0.018132716049400085 0.0537109375
0 0.548032407407 0.20703125 0.019675925925899958 0.0498046875
0 0.5763888888889999 0.197998046875 0.016203703703700018 0.04541015625
0 0.6485339506169999 0.251708984375 0.023148148148100074 0.06591796875
1 0.466435185185 0.23681640625 0.04861111111110006 0.0634765625
1 0.47395833333299997 0.19384765625 0.042824074074100035 0.041015625
1 0.4540895061729999 0.144775390625 0.02546296296299998 0.02392578125
1 0.506365740741 0.15185546875 0.05825617283950003 0.0751953125
1 0.451195987654 0.1162109375 0.022762345679000064 0.0185546875
1 0.514081790123 0.105712890625 0.020447530864199984 0.01708984375
1 0.357060185185 0.14111328125 0.045910493827199965 0.068359375
1 0.320987654321 0.1376953125 0.042438271604900026 0.0576171875
1 0.289930555556 0.1767578125 0.03587962962959998 0.033203125
1 0.384452160494 0.1337890625 0.019675925925899958 0.0244140625
1 0.38985339506200006 0.11865234375 0.019675925925900003 0.021484375
1 0.40027006172799995 0.102783203125 0.01890432098769998 0.01318359375
1 0.37924382716 0.0986328125 0.016203703703700018 0.0146484375
1 0.40027006172799995 0.093994140625 0.013503086419799974 0.01416015625
1 0.490354938272 0.095947265625 0.01851851851849992 0.01708984375
1 0.440393518519 0.09765625 0.01658950617280003 0.0185546875
1 0.451774691358 0.09130859375 0.016975308642000045 0.0205078125
1 0.42824074074099994 0.08349609375 0.011574074074100039 0.01171875
