1 0.879905523255814 0.716259057971 0.10501453488372092 0.10190217391300002
1 0.950218023255814 0.8639039855070001 0.08139534883720931 0.12817028985500006
1 0.6324491279069767 0.704483695652 0.171875 0.19972826086999998
1 0.33775436046511625 0.630434782609 0.16896802325581395 0.1856884057969999
1 0.6322674418604651 0.913043478261 0.19694767441860464 0.17300724637699993
1 0.2690770348837209 0.8428442028990001 0.24963662790697674 0.24547101449300004
1 0.09574854651162791 0.654664855072 0.1900436046511628 0.187952898551
1 0.09865552325581395 0.386775362319 0.18931686046511628 0.12318840579700002
0 0.5109011627906976 0.453125 0.04142441860465116 0.11548913043500005
0 0.4109738372093023 0.415760869565 0.0377906976744186 0.10326086956499995
0 0.1431686046511628 0.475543478261 0.034156976744186045 0.125
1 0.1589752906976744 0.271286231884 0.1776889534883721 0.12137681159400003
