1 0.42890625 0.406018518519 0.07552083333329994 0.11203703703699999
1 0.58671875 0.429166666667 0.1203125 0.14722222222200002
1 0.49453125 0.35370370370400006 0.06614583333329993 0.09629629629629999
1 0.42994791666699994 0.281481481481 0.04739583333330005 0.06296296296300002
1 0.357291666667 0.286574074074 0.04166666666669994 0.06203703703699998
1 0.3109375 0.226388888889 0.026041666666699943 0.04166666666670001
1 0.350260416667 0.234259259259 0.0296875 0.042592592592600016
1 0.36328125 0.193518518519 0.022395833333300055 0.03148148148150001
1 0.329166666667 0.197685185185 0.017708333333299936 0.026851851851900012
1 0.9328124999999999 0.578703703704 0.1270833333330001 0.17962962962999995
1 0.42578125 0.15509259259300004 0.0109375 0.02314814814809999
1 0.44036458333299994 0.15509259259300004 0.009895833333330018 0.019444444444400022
1 0.450260416667 0.1625 0.0140625 0.019444444444400022
0 0.347395833333 0.533333333333 0.026041666666699943 0.13888888888900006
0 0.787239583333 0.290277777778 0.015104166666700062 0.058333333333299965
0 0.66640625 0.23518518518499998 0.015104166666700062 0.044444444444399996
