1 0.284529320988 0.7763671875 0.20254629629599996 0.265625
1 0.44849537037 0.362548828125 0.08680555555559993 0.09521484375
1 0.551311728395 0.241455078125 0.0833333333333 0.14501953125
0 0.72974537037 0.459716796875 0.03742283950620003 0.11474609375
0 0.686535493827 0.270751953125 0.020447530864199984 0.05517578125
1 0.351273148148 0.24462890625 0.053626543209899964 0.0517578125
1 0.42129629629599996 0.23974609375 0.037808641975300046 0.0478515625
1 0.43692129629599996 0.220458984375 0.03973765432099993 0.04248046875
1 0.47029320987699996 0.137939453125 0.019290123456799948 0.02099609375
1 0.49652777777799995 0.1376953125 0.015432098765399992 0.0205078125
1 0.489197530864 0.122314453125 0.012345679012300064 0.01318359375
1 0.511959876543 0.119384765625 0.013117283950599915 0.01416015625
1 0.518518518519 0.175537109375 0.03009259259259996 0.02685546875
1 0.526041666667 0.151611328125 0.027391975308600044 0.03857421875
1 0.558449074074 0.16357421875 0.029706790123499947 0.017578125
1 0.5538194444439999 0.13671875 0.018132716049400085 0.0205078125
