1 0.32578125 0.19675925925900004 0.02135416666670006 0.02870370370370002
1 0.365364583333 0.193518518519 0.02135416666670006 0.03148148148150001
1 0.311979166667 0.225462962963 0.023958333333300056 0.036111111111100005
1 0.35078125 0.231481481481 0.030729166666699944 0.040740740740700006
1 0.358072916667 0.286574074074 0.0421875 0.06203703703699998
1 0.431770833333 0.285185185185 0.05104166666670006 0.06296296296300002
1 0.43124999999999997 0.406018518519 0.07395833333329993 0.11203703703699999
1 0.49609375 0.351851851852 0.0671875 0.09629629629629999
1 0.591145833333 0.42824074074100005 0.12083333333300003 0.14907407407399997
1 0.9302083333329999 0.568981481481 0.1385416666669999 0.17129629629600007
0 0.3453125 0.5314814814810002 0.028125 0.13518518518499997
0 0.785416666667 0.29120370370400006 0.014583333333299938 0.05277777777779999
0 0.665364583333 0.23518518518499998 0.008854166666669983 0.044444444444399996
1 0.440885416667 0.15462962963 0.019270833333300055 0.024074074074100022
1 0.427864583333 0.15138888888900004 0.016145833333300056 0.02314814814809999
1 0.451302083333 0.16342592592600003 0.0171875 0.02314814814809999
