1 0.9484953703703703 0.5673828125 0.10300925925925926 0.2197265625
1 0.5812114197530864 0.444580078125 0.09992283950617284 0.12060546875
1 0.4581404320987654 0.64599609375 0.16396604938271603 0.203125
1 0.7623456790123456 0.89306640625 0.2492283950617284 0.203125
0 0.17611882716049382 0.406494140625 0.027391975308641972 0.09912109375
0 0.8817515432098765 0.30419921875 0.018132716049382713 0.0595703125
1 0.7351466049382716 0.27001953125 0.06442901234567901 0.068359375
1 0.6356095679012346 0.240478515625 0.04591049382716049 0.04931640625
1 0.5111882716049383 0.2607421875 0.05092592592592592 0.0732421875
1 0.44502314814814814 0.226318359375 0.03896604938271605 0.04638671875
1 0.4728009259259259 0.20166015625 0.03047839506172839 0.044921875
1 0.4375 0.180908203125 0.027777777777777776 0.03271484375
1 0.5754243827160493 0.240966796875 0.05131172839506173 0.05419921875
1 0.6080246913580246 0.218994140625 0.039351851851851846 0.04150390625
1 0.6460262345679012 0.19970703125 0.04822530864197531 0.0634765625
1 0.601466049382716 0.18212890625 0.027777777777777776 0.0302734375
1 0.5650077160493827 0.175048828125 0.027391975308641972 0.03466796875
1 0.5453317901234568 0.2021484375 0.03433641975308642 0.04296875
1 0.48225308641975306 0.177490234375 0.02854938271604938 0.02685546875
0 0.6994598765432098 0.22900390625 0.014660493827160493 0.046875
1 0.5119598765432098 0.146240234375 0.019290123456790122 0.02001953125
1 0.4984567901234568 0.133056640625 0.016203703703703703 0.01513671875
1 0.5200617283950617 0.132080078125 0.015432098765432098 0.02001953125
1 0.46257716049382713 0.163330078125 0.023919753086419752 0.03759765625
1 0.44405864197530864 0.15478515625 0.019290123456790122 0.02734375
1 0.48051697530864196 0.158447265625 0.016589506172839504 0.02001953125
1 0.4729938271604938 0.13720703125 0.018518518518518517 0.017578125
1 0.4417438271604938 0.13916015625 0.03009259259259259 0.0400390625
1 0.49729938271604934 0.11181640625 0.011574074074074073 0.015625
1 0.48225308641975306 0.111572265625 0.010030864197530864 0.01513671875
0 0.5403163580246914 0.1376953125 0.0073302469135802465 0.0205078125
