0 0.79140625 0.7777777777780001 0.0421875 0.18888888888900005
0 0.8213541666666666 0.692592592593 0.0375 0.187037037037
0 0.834375 0.441203703704 0.01875 0.08611111111109995
0 0.16171875 0.311574074074 0.018229166666666668 0.06944444444440002
0 0.22552083333333334 0.277314814815 0.013541666666666667 0.06388888888890006
0 0.35052083333333334 0.218518518519 0.010416666666666666 0.046296296296299985
0 0.26276041666666666 0.265740740741 0.0140625 0.06481481481479998
1 0.56171875 0.706018518519 0.14739583333333334 0.293518518519
1 0.38229166666666664 0.727777777778 0.2125 0.38518518518500017
1 0.09791666666666667 0.875925925926 0.19375 0.2148148148150001
1 0.2544270833333333 0.666203703704 0.19114583333333332 0.2712962962959999
1 0.4036458333333333 0.49212962963000006 0.11770833333333333 0.156481481481
1 0.5731770833333333 0.4388888888890001 0.1015625 0.16111111111100002
1 0.6979166666666666 0.506481481481 0.09375 0.20740740740700003
1 0.4888020833333333 0.38518518518500006 0.08177083333333333 0.11481481481499999
1 0.52734375 0.313425925926 0.0546875 0.07685185185189997
1 0.565625 0.278240740741 0.046875 0.06388888888890006
1 0.04088541666666667 0.405555555556 0.0796875 0.08148148148150001
1 0.6580729166666667 0.205092592593 0.0203125 0.03240740740739999
1 0.6440104166666667 0.214351851852 0.0234375 0.03981481481480003
1 0.6083333333333333 0.211574074074 0.025 0.03981481481480003
1 0.5822916666666667 0.250462962963 0.03125 0.050925925925900006
1 0.5528645833333333 0.189814814815 0.0296875 0.03703703703699999
1 0.55625 0.15787037037 0.017708333333333333 0.026851851851900012
1 0.5734375 0.157407407407 0.016666666666666666 0.020370370370400005
0 0.39921875 0.20231481481500002 0.0078125 0.037962962963000016
0 0.4752604166666667 0.176388888889 0.0078125 0.026851851851900012
