1 0.913802083333 0.884722222222 0.15364583333300008 0.22870370370399992
1 0.35572916666699994 0.923148148148 0.17291666666700004 0.14629629629599997
1 0.709114583333 0.6615740740740002 0.1953125 0.299074074074
1 0.3546875 0.616666666667 0.11145833333299997 0.22962962962999997
1 0.4921875 0.5708333333330001 0.12916666666699997 0.21388888888900007
1 0.616666666667 0.503240740741 0.11770833333300008 0.156481481481
1 0.530989583333 0.405092592593 0.08072916666670006 0.11018518518500003
1 0.319791666667 0.418055555556 0.07083333333330005 0.11018518518500003
1 0.40234375 0.338888888889 0.057812499999999996 0.09444444444440002
1 0.485677083333 0.336111111111 0.06614583333330006 0.09259259259259997
1 0.45208333333299994 0.28750000000000003 0.05104166666670006 0.06759259259259996
1 0.372395833333 0.274074074074 0.04583333333330006 0.05185185185189996
1 0.42265625 0.246759259259 0.0390625 0.06388888888890003
1 0.321614583333 0.222685185185 0.036979166666699946 0.05092592592589998
0 0.152083333333 0.4625 0.023958333333299997 0.106481481481
1 0.9609375 0.40879629629600006 0.07708333333329993 0.07870370370370003
0 0.96875 0.35416666666700003 0.01875 0.06574074074070001
1 0.551041666667 0.237037037037 0.044791666666700064 0.04814814814810002
1 0.443229166667 0.199537037037 0.030208333333300055 0.037962962963000016
1 0.443489583333 0.156944444444 0.016145833333300056 0.026851851851900012
1 0.427864583333 0.15324074074100003 0.015104166666699944 0.030555555555599977
1 0.39921875 0.21759259259300004 0.027604166666699945 0.040740740740700006
1 0.38046875 0.2 0.022395833333300055 0.03333333333330002
1 0.361197916667 0.238888888889 0.0421875 0.04444444444440002
1 0.373958333333 0.177777777778 0.0375 0.02777777777779999
