0 0.422916666667 0.781018518519 0.033333333333299936 0.19166666666699994
0 0.378385416667 0.7305555555560002 0.0359375 0.17962962962999995
0 0.327864583333 0.537037037037 0.043229166666699945 0.15370370370399997
1 0.292708333333 0.827314814815 0.16354166666700004 0.33425925925900013
1 0.480989583333 0.67037037037 0.16302083333299996 0.274074074074
1 0.901822916667 0.880092592593 0.1953125 0.22314814814799994
1 0.759375 0.6837962962960001 0.1989583333330001 0.269444444444
1 0.616145833333 0.510648148148 0.1270833333330001 0.16018518518499997
1 0.439322916667 0.442592592593 0.0921875 0.15
1 0.532552083333 0.410648148148 0.08802083333329999 0.12129629629599997
1 0.50703125 0.33842592592600007 0.06927083333330006 0.07314814814810004
1 0.467447916667 0.314351851852 0.05572916666669994 0.075
1 0.376302083333 0.29212962963 0.04427083333330006 0.06759259259259996
1 0.9609375 0.405555555556 0.07708333333329993 0.08333333333329997
0 0.694791666667 0.305092592593 0.0125 0.06203703703699998
0 0.703125 0.315740740741 0.013541666666700062 0.05185185185189996
0 0.7791666666669999 0.31851851851900004 0.015625 0.06481481481479998
0 0.748177083333 0.306018518519 0.015104166666700062 0.06203703703699998
0 0.709635416667 0.251388888889 0.011979166666700063 0.05277777777779999
0 0.600260416667 0.239814814815 0.013020833333299937 0.04444444444440002
0 0.615625 0.2125 0.011458333333299937 0.03981481481480003
1 0.44296874999999997 0.286111111111 0.0359375 0.06666666666670004
1 0.426302083333 0.262962962963 0.034895833333300055 0.05555555555559998
1 0.406770833333 0.243055555556 0.029166666666699943 0.054629629629600024
1 0.400260416667 0.225925925926 0.024479166666699942 0.04074074074069998
1 0.33046875 0.262037037037 0.030729166666699944 0.05370370370370002
1 0.385677083333 0.197685185185 0.022395833333300055 0.036111111111100005
1 0.3453125 0.219907407407 0.027083333333300055 0.037962962963000016
1 0.44427083333299994 0.157407407407 0.017708333333299936 0.02592592592589998
1 0.426822916667 0.15462962963 0.0140625 0.020370370370400005
1 0.44296874999999997 0.187962962963 0.024479166666699942 0.029629629629599998
0 0.555208333333 0.187037037037 0.009375 0.035185185185199974
0 0.50078125 0.168518518519 0.0078125 0.029629629629599998
