1 0.5138888888889999 0.596435546875 0.12422839506199998 0.22900390625
1 0.3385416666669999 0.604736328125 0.14467592592600004 0.19384765625
1 0.507137345679 0.90087890625 0.19714506172799995 0.197265625
1 0.22530864197499997 0.863525390625 0.248456790123 0.27197265625
1 0.859375 0.325439453125 0.18094135802500003 0.13232421875
1 0.709297839506 0.307861328125 0.12152777777800006 0.10107421875
1 0.956597222222 0.3212890625 0.08603395061730008 0.08203125
1 0.5027006172839998 0.290283203125 0.07947530864200004 0.07470703125
1 0.20659722222199997 0.3642578125 0.08063271604939999 0.0947265625
1 0.0395447530864 0.479736328125 0.0790895061728 0.20751953125
0 0.8425925925929999 0.4091796875 0.03163580246910001 0.111328125
1 0.268132716049 0.27392578125 0.055555555555600024 0.05859375
1 0.311342592593 0.238037109375 0.04475308641980001 0.04736328125
1 0.375964506173 0.26611328125 0.053626543209899964 0.056640625
1 0.43981481481499995 0.255859375 0.05709876543209999 0.0498046875
1 0.38001543209899996 0.222900390625 0.04475308641979997 0.04345703125
1 0.440586419753 0.2138671875 0.04320987654320005 0.0439453125
1 0.573302469136 0.204833984375 0.03317901234570007 0.04052734375
1 0.459297839506 0.192138671875 0.03510802469139995 0.04150390625
1 0.41087962962999997 0.19775390625 0.029320987654299933 0.033203125
1 0.37017746913599997 0.194580078125 0.03356481481479999 0.04443359375
1 0.3919753086419999 0.186767578125 0.020061728395099974 0.02880859375
1 0.44926697530899995 0.14892578125 0.019675925925899958 0.0205078125
1 0.541859567901 0.121826171875 0.012731481481500077 0.01513671875
1 0.51774691358 0.10595703125 0.010030864197499986 0.01171875
1 0.527777777778 0.096435546875 0.010802469135800012 0.01611328125
