1 0.320601851852 0.56103515625 0.14969135802499994 0.1708984375
1 0.52662037037 0.603759765625 0.15432098765399993 0.18017578125
1 0.7858796296299999 0.63671875 0.190586419753 0.2001953125
1 0.25771604938299997 0.8349609375 0.229166666667 0.3095703125
1 0.5339506172839998 0.875 0.224537037037 0.2490234375
1 0.887345679012 0.886962890625 0.22453703703699993 0.22412109375
0 0.819058641975 0.508544921875 0.0447530864198001 0.13232421875
1 0.4076003086419999 0.244140625 0.08294753086419998 0.1337890625
1 0.10397376543199999 0.206787109375 0.055169753086400014 0.03857421875
1 0.19733796296299996 0.183837890625 0.15239197530900003 0.08349609375
1 0.3859953703699999 0.156005859375 0.03433641975310001 0.04150390625
1 0.340277777778 0.160888671875 0.03858024691359998 0.03955078125
1 0.28742283950599995 0.172119140625 0.033179012345699976 0.03271484375
1 0.398148148148 0.129638671875 0.026234567901200004 0.02783203125
1 0.44888117284 0.09228515625 0.022762345679000064 0.025390625
1 0.4978780864199999 0.097412109375 0.018132716049400085 0.01513671875
1 0.494598765432 0.091064453125 0.013888888888899942 0.01416015625
