1 0.7579089506172839 0.865478515625 0.26273148148148145 0.26708984375
1 0.5717592592592592 0.374267578125 0.08101851851851852 0.09912109375
1 0.5082947530864197 0.252197265625 0.04128086419753086 0.05322265625
0 0.861111111111111 0.255859375 0.012345679012345678 0.033203125
1 0.7297453703703703 0.284423828125 0.06134259259259259 0.06201171875
1 0.5785108024691358 0.2392578125 0.04436728395061728 0.0478515625
1 0.5657793209876543 0.21875 0.03896604938271605 0.0458984375
1 0.6101466049382716 0.188720703125 0.03510802469135802 0.03271484375
1 0.537037037037037 0.186279296875 0.030864197530864196 0.03759765625
1 0.5740740740740741 0.166015625 0.02700617283950617 0.03125
1 0.5291280864197531 0.164794921875 0.024305555555555552 0.02294921875
1 0.5098379629629629 0.143310546875 0.01890432098765432 0.01806640625
1 0.5391589506172839 0.154541015625 0.022762345679012343 0.02392578125
1 0.4942129629629629 0.125 0.012345679012345678 0.0166015625
1 0.4874614197530864 0.20751953125 0.02816358024691358 0.033203125
1 0.48302469135802467 0.1806640625 0.024691358024691357 0.0234375
1 0.47530864197530864 0.160400390625 0.021604938271604937 0.02392578125
1 0.4712577160493827 0.141845703125 0.015046296296296295 0.01708984375
1 0.46527777777777773 0.12060546875 0.016203703703703703 0.0234375
1 0.4446373456790123 0.138427734375 0.027391975308641972 0.04833984375
0 0.3128858024691358 0.2685546875 0.015432098765432098 0.056640625
0 0.2681327160493827 0.271728515625 0.019290123456790122 0.05908203125
1 0.441358024691358 0.3134765625 0.11496913580246913 0.2294921875
