1 0.5572916666666666 0.79296875 0.17013888888888887 0.265625
1 0.2881944444444444 0.812255859375 0.2353395061728395 0.30029296875
1 0.3680555555555555 0.48095703125 0.12191358024691357 0.1572265625
1 0.5339506172839505 0.446044921875 0.09645061728395062 0.12353515625
1 0.5044367283950617 0.337646484375 0.0783179012345679 0.08740234375
1 0.488233024691358 0.2841796875 0.05439814814814815 0.068359375
1 0.3962191358024691 0.26220703125 0.0941358024691358 0.1435546875
1 0.6956018518518519 0.320068359375 0.0794753086419753 0.07958984375
1 0.8443287037037036 0.46337890625 0.13387345679012344 0.173828125
1 0.8811728395061728 0.3955078125 0.09645061728395062 0.091796875
1 0.8217592592592592 0.3359375 0.08950617283950617 0.0751953125
1 0.7555941358024691 0.287841796875 0.06905864197530864 0.07470703125
1 0.6956018518518519 0.24951171875 0.05555555555555555 0.0537109375
1 0.9018132716049382 0.3291015625 0.0790895061728395 0.0595703125
1 0.9222608024691358 0.307373046875 0.07137345679012345 0.06396484375
1 0.9697145061728395 0.408447265625 0.060570987654320986 0.10595703125
1 0.546875 0.239013671875 0.0466820987654321 0.05126953125
1 0.5088734567901234 0.199462890625 0.035493827160493825 0.03271484375
1 0.4749228395061728 0.184814453125 0.027777777777777776 0.02978515625
1 0.5160108024691358 0.175048828125 0.02816358024691358 0.02783203125
1 0.611304012345679 0.229248046875 0.0466820987654321 0.04248046875
1 0.7505787037037036 0.214599609375 0.07600308641975308 0.09130859375
1 0.6460262345679012 0.210205078125 0.03587962962962963 0.02685546875
1 0.6967592592592592 0.211669921875 0.040123456790123455 0.03759765625
