0 0.9171874999999999 0.688425925926 0.040625 0.17500000000000002
0 0.8 0.689814814815 0.028125 0.15
0 0.7794270833333333 0.7231481481480001 0.028645833333333332 0.17962962962999995
1 0.6971354166666667 0.8226851851850001 0.1578125 0.33611111111100006
1 0.31223958333333335 0.9125000000000001 0.2328125 0.17314814814799995
1 0.10078125 0.8703703703699999 0.19947916666666665 0.21481481481499998
1 0.57421875 0.5629629629630001 0.1359375 0.20185185185200002
1 0.24296874999999998 0.677777777778 0.1953125 0.274074074074
1 0.39036458333333335 0.5125000000000001 0.1265625 0.16388888888900005
1 0.46848958333333335 0.405092592593 0.08802083333333333 0.125
1 0.5875 0.379166666667 0.075 0.12314814814800004
1 0.4947916666666667 0.3375 0.065625 0.07870370370370003
1 0.5348958333333333 0.312962962963 0.05416666666666667 0.0777777777778
1 0.03828125 0.406944444444 0.07447916666666667 0.08240740740740005
0 0.7036458333333333 0.382407407407 0.02395833333333333 0.09259259259259997
0 0.2682291666666667 0.25648148148100003 0.0125 0.051851851851899985
0 0.35520833333333335 0.254166666667 0.0125 0.054629629629600024
0 0.3294270833333333 0.258796296296 0.011979166666666666 0.04537037037040003
0 0.3234375 0.23750000000000002 0.009375 0.04722222222220001
0 0.36614583333333334 0.223148148148 0.010416666666666666 0.040740740740700006
1 0.5627604166666667 0.278703703704 0.0359375 0.06296296296300002
1 0.578125 0.256944444444 0.03229166666666666 0.056481481481500014
1 0.5984375 0.235185185185 0.029166666666666667 0.04814814814809999
1 0.63515625 0.23194444444400003 0.028645833333333332 0.04537037037040003
1 0.61171875 0.20787037037 0.025520833333333333 0.037962962963000016
1 0.665625 0.211111111111 0.021875 0.03703703703699999
1 0.6239583333333333 0.186111111111 0.022916666666666665 0.03333333333330002
1 0.5015625 0.219907407407 0.035416666666666666 0.037962962963000016
1 0.5403645833333334 0.20648148148100004 0.028645833333333332 0.03703703703699999
1 0.5565104166666667 0.156944444444 0.0171875 0.02870370370370002
1 0.5734375 0.154166666667 0.014583333333333334 0.02314814814809999
0 0.44609375 0.187037037037 0.0078125 0.035185185185199974
0 0.4934895833333333 0.17314814814800003 0.005729166666666666 0.024074074074100022
