1 0.4722222222222222 0.591064453125 0.13271604938271603 0.22119140625
1 0.6699459876543209 0.625244140625 0.16628086419753085 0.18017578125
1 0.5059799382716049 0.858642578125 0.19560185185185183 0.27783203125
1 0.7978395061728395 0.945068359375 0.24382716049382713 0.10888671875
0 0.06828703703703703 0.475830078125 0.04089506172839506 0.12548828125
0 0.47627314814814814 0.303955078125 0.02507716049382716 0.06884765625
1 0.9340277777777777 0.416259765625 0.13040123456790123 0.16748046875
1 0.32291666666666663 0.310302734375 0.13503086419753085 0.07275390625
1 0.1736111111111111 0.248779296875 0.10262345679012345 0.05029296875
0 0.2717978395061728 0.269287109375 0.015817901234567902 0.05712890625
0 0.3451003086419753 0.2607421875 0.018132716049382713 0.048828125
0 0.5181327160493827 0.254638671875 0.015432098765432098 0.05810546875
0 0.410108024691358 0.206787109375 0.013888888888888888 0.03662109375
0 0.43036265432098764 0.143310546875 0.008873456790123456 0.02587890625
1 0.5524691358024691 0.272216796875 0.06867283950617284 0.06201171875
1 0.6556712962962963 0.25439453125 0.04899691358024691 0.05078125
1 0.5831404320987654 0.24267578125 0.04282407407407407 0.046875
1 0.6163194444444444 0.2236328125 0.03819444444444444 0.0361328125
1 0.5584490740740741 0.208984375 0.03665123456790123 0.04296875
1 0.5852623456790124 0.197509765625 0.030864197530864196 0.03759765625
1 0.6030092592592592 0.18603515625 0.02854938271604938 0.0322265625
1 0.5513117283950617 0.1728515625 0.030864197530864196 0.02734375
1 0.548611111111111 0.158203125 0.024691358024691357 0.0185546875
1 0.4417438271604938 0.21484375 0.05246913580246913 0.0458984375
1 0.4571759259259259 0.151611328125 0.019290123456790122 0.02490234375
1 0.46585648148148145 0.1416015625 0.017361111111111112 0.017578125
1 0.5121527777777778 0.115966796875 0.021219135802469133 0.02978515625
1 0.4874614197530864 0.120849609375 0.015046296296296295 0.01416015625
