1 0.5842978395061728 0.307861328125 0.0628858024691358 0.07958984375
1 0.6294367283950617 0.39404296875 0.09066358024691358 0.0927734375
1 0.505787037037037 0.440673828125 0.08796296296296297 0.10693359375
1 0.4888117283950617 0.344482421875 0.07716049382716049 0.07958984375
1 0.5501543209876543 0.762451171875 0.16743827160493827 0.25341796875
1 0.7035108024691358 0.623779296875 0.1593364197530864 0.18603515625
1 0.23418209876543208 0.632080078125 0.41280864197530864 0.70361328125
1 0.7860725308641975 0.263916015625 0.059027777777777776 0.05419921875
1 0.7079475308641975 0.25537109375 0.05709876543209876 0.0576171875
1 0.6408179012345678 0.26123046875 0.04938271604938271 0.0595703125
1 0.6143904320987654 0.22802734375 0.04205246913580247 0.044921875
1 0.6766975308641975 0.231689453125 0.044753086419753084 0.04052734375
