1 0.63671875 0.8685185185190001 0.1765625 0.26111111111099994
1 0.12760416666666666 0.859259259259 0.25 0.27037037037000006
1 0.5989583333333334 0.636111111111 0.15729166666666666 0.2407407407409999
1 0.36614583333333334 0.533333333333 0.14583333333333334 0.19629629629600004
1 0.51953125 0.414351851852 0.11510416666666666 0.12129629629599997
1 0.4197916666666667 0.38194444444400005 0.11875 0.125
1 0.5229166666666667 0.324074074074 0.06875 0.08333333333329997
1 0.625 0.331481481481 0.052083333333333336 0.09444444444440002
1 0.5697916666666667 0.264351851852 0.046875 0.07129629629629998
1 0.038802083333333334 0.407407407407 0.0765625 0.08333333333329997
1 0.021354166666666667 0.553703703704 0.040625 0.11111111111099996
1 0.4419270833333333 0.25462962963 0.049479166666666664 0.051851851851899985
1 0.49296875 0.201388888889 0.044270833333333336 0.0453703703704
1 0.671875 0.294907407407 0.040625 0.06018518518520003
1 0.6356770833333333 0.240277777778 0.027604166666666666 0.04166666666670001
1 0.58515625 0.23564814814800006 0.028645833333333332 0.04351851851850002
1 0.6052083333333333 0.221759259259 0.030208333333333334 0.04537037037040003
1 0.671875 0.214351851852 0.028125 0.0342592592593
1 0.5765625 0.181944444444 0.019791666666666666 0.025
1 0.5559895833333334 0.168981481481 0.0296875 0.02314814814809999
1 0.5734375 0.15509259259300004 0.014583333333333334 0.02314814814809999
1 0.5588541666666667 0.151851851852 0.0125 0.02592592592589998
0 0.47630208333333335 0.180092592593 0.008854166666666666 0.036111111111100005
0 0.42578125 0.193055555556 0.009895833333333333 0.036111111111100005
0 0.47109375 0.175925925926 0.009895833333333333 0.03148148148150001
1 0.64765625 0.19861111111100002 0.0234375 0.02870370370370002
1 0.61328125 0.196296296296 0.0234375 0.02222222222220001
