1 0.47241512345699993 0.700927734375 0.15933641975299997 0.21533203125
1 0.258487654321 0.68798828125 0.177469135802 0.22265625
1 0.11689814814799998 0.90673828125 0.229166666667 0.1787109375
1 0.8015046296299999 0.712890625 0.38078703703700006 0.5537109375
0 0.15181327160499997 0.419677734375 0.026620370370400017 0.08837890625
0 0.127314814815 0.427490234375 0.028549382715999994 0.09326171875
0 0.124807098765 0.318115234375 0.0235339506173 0.06787109375
0 0.435570987654 0.525634765625 0.04398148148150008 0.12060546875
0 0.579089506173 0.445068359375 0.04475308641979993 0.10791015625
1 0.220100308642 0.2568359375 0.05902777777779999 0.0576171875
1 0.306327160494 0.2431640625 0.04629629629629998 0.0517578125
1 0.3784722222219999 0.246337890625 0.047839506172799987 0.05712890625
1 0.263888888889 0.230224609375 0.04552469135800004 0.04931640625
1 0.331211419753 0.224609375 0.03356481481479999 0.0400390625
1 0.436149691358 0.167236328125 0.030478395061699973 0.02783203125
1 0.46547067901199995 0.149658203125 0.026620370370400017 0.02294921875
1 0.4041280864199999 0.170654296875 0.025077160493799964 0.02197265625
1 0.364776234568 0.201416015625 0.029706790123500033 0.02880859375
