1 0.6744791666666666 0.19675925925900004 0.021875 0.02870370370370002
1 0.63515625 0.193518518519 0.021354166666666667 0.03148148148150001
1 0.6880208333333333 0.225462962963 0.02395833333333333 0.036111111111100005
1 0.6494791666666666 0.231481481481 0.03125 0.040740740740700006
1 0.6419270833333334 0.286574074074 0.0421875 0.06203703703699998
1 0.56875 0.285185185185 0.051041666666666666 0.06296296296300002
1 0.5690104166666666 0.406018518519 0.0734375 0.11203703703699999
1 0.50390625 0.351851851852 0.0671875 0.09629629629629999
1 0.409375 0.42824074074100005 0.12083333333333333 0.14907407407399997
1 0.0703125 0.568981481481 0.13854166666666667 0.17129629629600007
0 0.6546875 0.5314814814810002 0.028125 0.13518518518499997
0 0.21458333333333332 0.29120370370400006 0.014583333333333334 0.05277777777779999
0 0.33515625 0.23518518518499998 0.008854166666666666 0.044444444444399996
1 0.5591145833333333 0.15462962963 0.019270833333333334 0.024074074074100022
1 0.57265625 0.15138888888900004 0.01614583333333333 0.02314814814809999
1 0.54921875 0.16342592592600003 0.0171875 0.02314814814809999
