1 0.8082561728399998 0.751220703125 0.21604938271599988 0.27001953125
1 0.545331790123 0.7177734375 0.17939814814800006 0.23046875
1 0.662422839506 0.4169921875 0.10493827160500002 0.1142578125
1 0.4978780864199999 0.301025390625 0.08449074074070004 0.09326171875
1 0.547839506173 0.22021484375 0.05169753086419998 0.0595703125
1 0.442322530864 0.215576171875 0.050540123456799944 0.05322265625
1 0.47781635802499994 0.19384765625 0.03973765432099993 0.0517578125
1 0.5291280864199999 0.176513671875 0.03125 0.03662109375
1 0.246334876543 0.387939453125 0.13850308642 0.15087890625
1 0.0613425925926 0.547607421875 0.122685185185 0.21044921875
1 0.140625 0.3857421875 0.0821759259259 0.1005859375
1 0.364583333333 0.207275390625 0.04398148148149999 0.04638671875
1 0.38425925925899995 0.169677734375 0.037037037036999974 0.03369140625
1 0.31057098765399993 0.175537109375 0.07098765432100002 0.09912109375
1 0.266782407407 0.157470703125 0.04050925925929996 0.04736328125
1 0.44463734567899993 0.13427734375 0.03356481481480007 0.041015625
1 0.476273148148 0.138671875 0.02893518518519992 0.029296875
1 0.479359567901 0.1171875 0.023533950617299914 0.0185546875
1 0.41840277777799995 0.092529296875 0.02584876543209999 0.02587890625
1 0.49961419753099995 0.095458984375 0.017746913580200068 0.01513671875
1 0.225115740741 0.2568359375 0.07137345679010001 0.0576171875
