0 0.7054687500000001 0.347916666667 0.025 0.09583333333330002
0 0.70625 0.307638888889 0.0234375 0.07916666666669998
0 0.7734375 0.255555555556 0.0234375 0.07777777777779997
0 0.9261718750000001 0.267361111111 0.01953125 0.07361111111109998
0 0.891796875 0.180555555556 0.017968750000000002 0.05277777777779998
1 0.759375 0.596527777778 0.1609375 0.19305555555600004
1 0.7265625 0.459027777778 0.1390625 0.14305555555600005
1 0.9359375000000001 0.5500000000000002 0.1125 0.16944444444399998
1 0.51015625 0.589583333333 0.15625 0.1875
1 0.508203125 0.3930555555560001 0.15546875000000002 0.24444444444399996
1 0.471484375 0.8333333333330001 0.23828125 0.3
1 0.26796875000000003 0.529166666667 0.1484375 0.166666666667
1 0.17890625000000002 0.6875 0.17500000000000002 0.21111111111099995
1 0.1296875 0.934722222222 0.259375 0.1277777777780001
1 0.35390625000000003 0.205555555556 0.33125000000000004 0.12777777777800003
1 0.7347656250000001 0.125 0.07421875 0.0527777777778
1 0.587109375 0.12083333333300002 0.07734375 0.044444444444399996
1 0.8230468750000001 0.133333333333 0.06328125 0.05
