1 0.2716145833333333 0.863888888889 0.2578125 0.268518518519
1 0.39296875 0.514814814815 0.11822916666666666 0.16851851851900002
1 0.58203125 0.437962962963 0.09427083333333333 0.12962962962999997
1 0.52890625 0.35000000000000003 0.06822916666666666 0.09629629629629999
1 0.64140625 0.30324074074100005 0.0421875 0.06574074074070001
1 0.6424479166666667 0.24074074074100002 0.0265625 0.051851851851899985
1 0.6890625 0.22453703703699998 0.025 0.03796296296299999
1 0.62421875 0.212962962963 0.0265625 0.035185185185199974
1 0.659375 0.206944444444 0.021875 0.030555555555599977
1 0.37864583333333335 0.306481481481 0.07708333333333334 0.07962962962960006
1 0.0703125 0.588888888889 0.13854166666666667 0.1777777777780001
0 0.21484375 0.284259259259 0.013020833333333334 0.05
0 0.34921875 0.227777777778 0.013020833333333334 0.044444444444399996
0 0.653125 0.5314814814810002 0.03125 0.13888888888900006
1 0.55546875 0.165740740741 0.0171875 0.020370370370400005
1 0.57109375 0.156018518519 0.0171875 0.025
1 0.56015625 0.15324074074100003 0.01614583333333333 0.026851851851900012
1 0.6690104166666666 0.180092592593 0.0171875 0.02314814814809999
