1 0.688850308642 0.64599609375 0.16010802469099994 0.2333984375
1 0.61149691358 0.410888671875 0.09027777777780005 0.11767578125
1 0.490547839506 0.4306640625 0.09143518518519991 0.10546875
1 0.45505401234599996 0.663330078125 0.13850308641999998 0.26220703125
1 0.24093364197499997 0.654296875 0.17091049382699997 0.1982421875
1 0.380208333333 0.385009765625 0.09066358024689998 0.10205078125
0 0.677469135802 0.35986328125 0.033950617283999916 0.091796875
1 0.357831790123 0.250732421875 0.050540123456800035 0.07177734375
1 0.301311728395 0.250732421875 0.05169753086419998 0.05712890625
1 0.231867283951 0.249267578125 0.0625 0.04345703125
1 0.39486882716 0.22314453125 0.0443672839506 0.0439453125
1 0.398533950617 0.168701171875 0.02854938271600004 0.03271484375
1 0.438078703704 0.16162109375 0.02893518518519992 0.0244140625
1 0.260030864198 0.23193359375 0.03626543209879999 0.0439453125
1 0.417438271605 0.139892578125 0.020833333333299998 0.02099609375
1 0.46489197530899995 0.138916015625 0.017746913580200068 0.02099609375
