1 0.36863425925899995 0.54736328125 0.14236111111099997 0.1708984375
1 0.5314429012349999 0.510009765625 0.11072530864200004 0.14501953125
0 0.141589506173 0.25634765625 0.012345679012300019 0.037109375
1 0.262731481481 0.276123046875 0.06095679012350003 0.06005859375
1 0.47067901234599996 0.2939453125 0.05941358024690007 0.0654296875
1 0.5138888888889999 0.2236328125 0.04398148148150008 0.0537109375
1 0.3697916666669999 0.241943359375 0.047453703703700015 0.05126953125
1 0.42148919753099995 0.238525390625 0.04359567901230006 0.04541015625
1 0.35956790123499993 0.20947265625 0.037808641975299956 0.041015625
1 0.40200617284 0.2060546875 0.0378086419753 0.0458984375
1 0.43364197530899995 0.21923828125 0.037808641975300046 0.037109375
1 0.450810185185 0.20263671875 0.03356481481480007 0.044921875
1 0.46527777777799995 0.1875 0.029320987654299933 0.037109375
1 0.477044753086 0.165771484375 0.027391975308600044 0.03076171875
1 0.471643518519 0.137451171875 0.01658950617280003 0.02197265625
1 0.49402006172799995 0.129150390625 0.02893518518519992 0.03466796875
1 0.5127314814809999 0.1171875 0.015432098765399992 0.0205078125
0 0.45023148148099995 0.154541015625 0.010030864197499986 0.02294921875
0 0.6695601851849999 0.270263671875 0.018132716049400085 0.05908203125
0 0.70524691358 0.274658203125 0.01851851851849992 0.06591796875
1 0.551890432099 0.171142578125 0.02584876543209999 0.02685546875
1 0.526041666667 0.1435546875 0.017361111111100058 0.0185546875
1 0.552469135802 0.141357421875 0.017746913580200068 0.02294921875
1 0.5314429012349999 0.12939453125 0.014274691357999953 0.015625
1 0.532986111111 0.12060546875 0.0104166666667 0.01171875
1 0.522955246914 0.104736328125 0.011188271604900024 0.01220703125
