1 0.7239583333333333 0.578857421875 0.14467592592592593 0.17236328125
1 0.5275848765432098 0.435302734375 0.10609567901234568 0.10498046875
1 0.5906635802469136 0.33935546875 0.0794753086419753 0.083984375
1 0.3960262345679012 0.44677734375 0.0952932098765432 0.119140625
1 0.4249614197530864 0.326171875 0.07368827160493827 0.08203125
1 0.32368827160493824 0.287353515625 0.07098765432098765 0.06884765625
1 0.47916666666666663 0.286376953125 0.05401234567901234 0.05810546875
1 0.5823688271604938 0.852783203125 0.21334876543209874 0.29345703125
1 0.48244598765432095 0.23388671875 0.03973765432098765 0.0439453125
1 0.9112654320987654 0.33935546875 0.10570987654320987 0.08984375
1 0.4297839506172839 0.204833984375 0.034722222222222224 0.03564453125
1 0.5115740740740741 0.20751953125 0.037037037037037035 0.0322265625
1 0.5158179012345678 0.185546875 0.03009259259259259 0.025390625
1 0.4737654320987654 0.174072265625 0.024691358024691357 0.02587890625
1 0.505787037037037 0.16552734375 0.027777777777777776 0.0244140625
1 0.4446373456790123 0.18212890625 0.02353395061728395 0.021484375
1 0.4369212962962963 0.16796875 0.02662037037037037 0.0185546875
1 0.5933641975308641 0.182861328125 0.031635802469135804 0.02783203125
1 0.6477623456790124 0.197265625 0.07021604938271604 0.1015625
0 0.2972608024691358 0.574951171875 0.04591049382716049 0.13134765625
0 0.2374614197530864 0.74267578125 0.06751543209876543 0.189453125
0 0.19540895061728394 0.663330078125 0.04436728395061728 0.13427734375
