1 0.5713541666666666 0.406018518519 0.075 0.11203703703699999
1 0.41328125 0.429166666667 0.1203125 0.14722222222200002
1 0.5057291666666667 0.35370370370400006 0.065625 0.09629629629629999
1 0.5700520833333333 0.281481481481 0.04739583333333333 0.06296296296300002
1 0.6427083333333333 0.286574074074 0.041666666666666664 0.06203703703699998
1 0.6893229166666667 0.226388888889 0.0265625 0.04166666666670001
1 0.6497395833333334 0.234259259259 0.0296875 0.042592592592600016
1 0.6369791666666667 0.193518518519 0.021875 0.03148148148150001
1 0.6708333333333333 0.197685185185 0.017708333333333333 0.026851851851900012
1 0.06744791666666666 0.578703703704 0.1265625 0.17962962962999995
1 0.57421875 0.15509259259300004 0.0109375 0.02314814814809999
1 0.56015625 0.15509259259300004 0.009895833333333333 0.019444444444400022
1 0.5497395833333333 0.1625 0.0140625 0.019444444444400022
0 0.653125 0.533333333333 0.026041666666666668 0.13888888888900006
0 0.21328125 0.290277777778 0.015104166666666667 0.058333333333299965
0 0.3338541666666667 0.23518518518499998 0.015625 0.044444444444399996
