1 0.6849922839506173 0.660400390625 0.14390432098765432 0.19189453125
1 0.8159722222222222 0.86328125 0.25771604938271603 0.2685546875
1 0.6896219135802468 0.298828125 0.07368827160493827 0.091796875
1 0.9064429012345678 0.4140625 0.11844135802469136 0.181640625
1 0.9243827160493827 0.673095703125 0.15123456790123457 0.36083984375
1 0.890625 0.216796875 0.09683641975308642 0.05078125
1 0.7349537037037036 0.25537109375 0.05864197530864197 0.060546875
1 0.6763117283950617 0.19921875 0.047839506172839504 0.056640625
1 0.6167052469135802 0.195556640625 0.04205246913580247 0.04833984375
0 0.38927469135802467 0.25 0.023919753086419752 0.0615234375
0 0.423804012345679 0.1982421875 0.017361111111111112 0.0458984375
0 0.4654706790123457 0.17919921875 0.018132716049382713 0.044921875
0 0.3587962962962963 0.212890625 0.016203703703703703 0.044921875
0 0.36921296296296297 0.189208984375 0.013888888888888888 0.04931640625
0 0.34953703703703703 0.189208984375 0.013888888888888888 0.04638671875
1 0.548804012345679 0.152099609375 0.03125 0.03955078125
1 0.5551697530864197 0.130615234375 0.023148148148148147 0.02099609375
1 0.5258487654320987 0.10595703125 0.031635802469135804 0.05078125
1 0.5030864197530864 0.095703125 0.016203703703703703 0.0166015625
1 0.5067515432098765 0.087158203125 0.015817901234567902 0.01708984375
1 0.5625 0.11181640625 0.02700617283950617 0.02734375
1 0.5553626543209876 0.0927734375 0.016589506172839504 0.017578125
1 0.5700231481481481 0.096435546875 0.018132716049382713 0.01708984375
1 0.5594135802469136 0.076416015625 0.013117283950617283 0.01611328125
1 0.6089891975308641 0.137939453125 0.025848765432098762 0.02294921875
1 0.6396604938271605 0.147705078125 0.031635802469135804 0.02978515625
1 0.896412037037037 0.1728515625 0.05516975308641975 0.029296875
1 0.8535879629629629 0.165771484375 0.05362654320987654 0.03173828125
1 0.7125771604938271 0.1474609375 0.05555555555555555 0.0751953125
