1 0.613233024691358 0.492431640625 0.10609567901234568 0.13720703125
1 0.4731867283950617 0.4755859375 0.09992283950617284 0.1435546875
1 0.7465277777777778 0.861083984375 0.28780864197530864 0.27587890625
1 0.4415509259259259 0.908447265625 0.2380401234567901 0.18212890625
0 0.775270061728395 0.645751953125 0.05208333333333333 0.14501953125
0 0.2336033950617284 0.388916015625 0.0320216049382716 0.09521484375
0 0.33969907407407407 0.257568359375 0.02662037037037037 0.06982421875
1 0.16666666666666666 0.33447265625 0.14429012345679013 0.07421875
1 0.18325617283950615 0.28662109375 0.12422839506172839 0.07421875
1 0.4718364197530864 0.359619140625 0.07716049382716049 0.08837890625
1 0.4729938271604938 0.287353515625 0.05401234567901234 0.05908203125
1 0.45389660493827155 0.230224609375 0.03587962962962963 0.04052734375
1 0.521412037037037 0.241455078125 0.05516975308641975 0.07666015625
1 0.8547453703703703 0.45361328125 0.11766975308641975 0.1455078125
1 0.7741126543209876 0.320556640625 0.06983024691358024 0.09521484375
1 0.6304012345679012 0.23779296875 0.045524691358024685 0.0478515625
1 0.576195987654321 0.23681640625 0.04976851851851852 0.0595703125
1 0.5586419753086419 0.214111328125 0.03780864197530864 0.04345703125
1 0.6294367283950617 0.20361328125 0.02816358024691358 0.0400390625
1 0.6091820987654321 0.19140625 0.027777777777777776 0.03125
1 0.56616512345679 0.181640625 0.02816358024691358 0.0263671875
1 0.6840277777777778 0.206298828125 0.08564814814814814 0.10302734375
1 0.4290123456790123 0.19677734375 0.032407407407407406 0.03125
1 0.4610339506172839 0.181884765625 0.026234567901234566 0.02099609375
1 0.4544753086419753 0.15771484375 0.021604938271604937 0.021484375
1 0.48244598765432095 0.164794921875 0.02507716049382716 0.01806640625
1 0.4729938271604938 0.139892578125 0.022376543209876542 0.01611328125
1 0.44849537037037035 0.12646484375 0.015817901234567902 0.0126953125
1 0.5013503086419753 0.21142578125 0.0320216049382716 0.0361328125
1 0.5513117283950617 0.146728515625 0.023919753086419752 0.01806640625
1 0.46875 0.1201171875 0.015432098765432098 0.0126953125
