1 0.21412037037037035 0.637451171875 0.18595679012345678 0.20751953125
1 0.4731867283950617 0.59326171875 0.15316358024691357 0.1767578125
1 0.6678240740740741 0.5322265625 0.1419753086419753 0.1650390625
1 0.7399691358024691 0.825927734375 0.22685185185185183 0.31591796875
1 0.46238425925925924 0.871826171875 0.21412037037037035 0.25537109375
1 0.11188271604938271 0.89013671875 0.21682098765432098 0.21875
0 0.49479166666666663 0.3994140625 0.03742283950617284 0.0888671875
0 0.30671296296296297 0.42919921875 0.037037037037037035 0.0927734375
0 0.5812114197530864 0.28125 0.02044753086419753 0.078125
0 0.35493827160493824 0.2880859375 0.02546296296296296 0.0703125
1 0.8865740740740741 0.207275390625 0.07021604938271604 0.04052734375
1 0.7934027777777777 0.1865234375 0.08063271604938271 0.0634765625
1 0.7179783950617283 0.173583984375 0.038580246913580245 0.03466796875
1 0.5657793209876543 0.179443359375 0.05516975308641975 0.08447265625
1 0.6141975308641975 0.158203125 0.03317901234567901 0.0400390625
1 0.6604938271604938 0.162841796875 0.034722222222222224 0.03857421875
1 0.5588348765432098 0.076171875 0.01890432098765432 0.025390625
1 0.501929012345679 0.0966796875 0.016975308641975308 0.0166015625
1 0.5071373456790124 0.089599609375 0.015046296296296295 0.01318359375
0 0.3672839506172839 0.19677734375 0.012345679012345678 0.0439453125
