1 0.7283854166669999 0.863888888889 0.2578125 0.268518518519
1 0.607552083333 0.514814814815 0.11822916666699991 0.16851851851900002
1 0.418489583333 0.437962962963 0.09427083333330005 0.12962962962999997
1 0.47161458333299994 0.35000000000000003 0.06822916666669994 0.09629629629629999
1 0.359114583333 0.30324074074100005 0.0421875 0.06574074074070001
1 0.3578125 0.24074074074100002 0.027083333333300055 0.051851851851899985
1 0.311458333333 0.22453703703699998 0.025 0.03796296296299999
1 0.37578125 0.212962962963 0.0265625 0.035185185185199974
1 0.341145833333 0.206944444444 0.021875 0.030555555555599977
1 0.621354166667 0.306481481481 0.07708333333329993 0.07962962962960006
1 0.9302083333329999 0.588888888889 0.1385416666669999 0.1777777777780001
0 0.785677083333 0.284259259259 0.013020833333299937 0.05
0 0.651302083333 0.227777777778 0.013020833333299937 0.044444444444399996
0 0.346875 0.5314814814810002 0.03125 0.13888888888900006
1 0.445052083333 0.165740740741 0.0171875 0.020370370370400005
1 0.42890625 0.156018518519 0.0171875 0.025
1 0.44036458333299994 0.15324074074100003 0.016145833333300056 0.026851851851900012
1 0.33125 0.180092592593 0.017708333333299936 0.02314814814809999
