1 0.8169270833329999 0.792592592593 0.25052083333300007 0.34444444444400013
1 0.63359375 0.481018518519 0.1765625 0.15833333333300006
1 0.752864583333 0.428703703704 0.1661458333330001 0.131481481481
1 0.44296874999999997 0.555555555556 0.13697916666700002 0.22592592592600005
1 0.348177083333 0.406944444444 0.0640625 0.12129629629599997
1 0.39479166666699994 0.321759259259 0.051041666666699945 0.08240740740740005
1 0.448958333333 0.290277777778 0.05416666666669994 0.0842592592593
1 0.959375 0.402314814815 0.08020833333329994 0.08611111111109995
0 0.196614583333 0.4481481481480001 0.0171875 0.09259259259259997
1 0.32421875 0.314351851852 0.04322916666670006 0.07129629629629998
1 0.4265625 0.26018518518500006 0.033333333333299936 0.05370370370370002
1 0.4046875 0.236574074074 0.034375 0.05092592592589998
1 0.33125 0.248611111111 0.02916666666670006 0.050925925925900006
1 0.388802083333 0.20833333333300003 0.025520833333299936 0.03518518518520003
1 0.451822916667 0.19490740740700002 0.027604166666699945 0.026851851851900012
1 0.439322916667 0.175925925926 0.028645833333300057 0.02777777777779999
1 0.44296874999999997 0.155555555556 0.0171875 0.024074074074100022
1 0.427604166667 0.155555555556 0.014583333333300056 0.029629629629599998
1 0.35572916666699994 0.21203703703700003 0.023958333333300056 0.0388888888889
1 0.336458333333 0.20648148148100004 0.025 0.03703703703699999
1 0.376822916667 0.187962962963 0.018229166666699943 0.024074074074100022
0 0.584114583333 0.197222222222 0.0078125 0.040740740740700006
0 0.523697916667 0.181018518519 0.0078125 0.03240740740739999
0 0.5015625 0.184722222222 0.008333333333330018 0.036111111111100005
0 0.623958333333 0.241666666667 0.011458333333299937 0.046296296296299985
