0 0.657421875 0.38125000000000003 0.032031250000000004 0.11527777777799998
0 0.7527343750000001 0.3618055555560001 0.02890625 0.07638888888889998
0 0.81015625 0.3930555555560001 0.0328125 0.10555555555600005
0 0.89453125 0.372916666667 0.0234375 0.1125
0 0.966796875 0.324305555556 0.02109375 0.09861111111109998
0 0.796484375 0.252777777778 0.025781250000000002 0.075
0 0.530859375 0.2506944444440001 0.022656250000000003 0.07083333333330002
1 0.507421875 0.590972222222 0.15078125 0.19027777777799995
1 0.47382812500000004 0.84375 0.22265625 0.293055555556
1 0.26992187500000003 0.5208333333330001 0.15234375 0.183333333333
1 0.18867187500000002 0.758333333333 0.23828125 0.25277777777800003
1 0.509375 0.404861111111 0.1609375 0.268055555556
1 0.9375 0.554861111111 0.11406250000000001 0.14027777777799993
1 0.73203125 0.472222222222 0.13593750000000002 0.15277777777799995
1 0.666015625 0.224305555556 0.055468750000000004 0.06527777777779996
1 0.451953125 0.235416666667 0.12734375 0.07638888888890003
1 0.264453125 0.218055555556 0.10703125000000001 0.08333333333330002
1 0.5578125 0.209027777778 0.0484375 0.043055555555600006
1 0.47500000000000003 0.20138888888900003 0.046875 0.05277777777779998
1 0.657421875 0.160416666667 0.039843750000000004 0.045833333333300016
1 0.596875 0.178472222222 0.0390625 0.043055555555600006
1 0.7996093750000001 0.13750000000000004 0.07890625000000001 0.0472222222222
1 0.890625 0.138194444444 0.07500000000000001 0.04861111111109998
1 0.590234375 0.0944444444444 0.13046875 0.0861111111111
1 0.5222656250000001 0.178472222222 0.03671875 0.043055555555600006
