0 0.8132716049382716 0.3310546875 0.024691358024691357 0.072265625
0 0.6867283950617283 0.229248046875 0.013888888888888888 0.04541015625
0 0.5785108024691358 0.282470703125 0.016589506172839504 0.05712890625
0 0.5324074074074073 0.29736328125 0.020833333333333332 0.0634765625
0 0.8595679012345678 0.25439453125 0.013117283950617283 0.037109375
1 0.5788966049382716 0.2392578125 0.03896604938271605 0.046875
1 0.6305941358024691 0.2392578125 0.04513888888888889 0.046875
1 0.5648148148148148 0.2197265625 0.037037037037037035 0.041015625
1 0.5518904320987654 0.200927734375 0.03356481481481481 0.04248046875
1 0.5353009259259259 0.187744140625 0.028935185185185182 0.03955078125
1 0.5295138888888888 0.173095703125 0.027391975308641972 0.03076171875
1 0.6057098765432098 0.21142578125 0.037037037037037035 0.048828125
1 0.5987654320987654 0.184326171875 0.031635802469135804 0.02978515625
1 0.5721450617283951 0.17919921875 0.031635802469135804 0.0302734375
1 0.5451388888888888 0.156005859375 0.026234567901234566 0.04150390625
1 0.5652006172839505 0.1533203125 0.021604938271604937 0.037109375
1 0.6448688271604938 0.196044921875 0.06905864197530864 0.08837890625
1 0.5260416666666666 0.13525390625 0.015817901234567902 0.017578125
1 0.49189814814814814 0.124267578125 0.013888888888888888 0.01708984375
1 0.5084876543209876 0.12451171875 0.012345679012345678 0.017578125
1 0.48148148148148145 0.182373046875 0.030864197530864196 0.03662109375
1 0.4425154320987654 0.171630859375 0.026234567901234566 0.02880859375
1 0.46836419753086417 0.150634765625 0.020061728395061727 0.02490234375
1 0.44695216049382713 0.139892578125 0.017361111111111112 0.01904296875
1 0.46952160493827155 0.136474609375 0.016975308641975308 0.01806640625
1 0.46334876543209874 0.12744140625 0.013888888888888888 0.0185546875
1 0.447145061728395 0.116943359375 0.011574074074074073 0.01513671875
1 0.47897376543209874 0.10546875 0.010416666666666666 0.0146484375
