1 0.315200617284 0.660400390625 0.14351851851900002 0.19189453125
1 0.184027777778 0.86328125 0.25771604938299997 0.2685546875
1 0.31037808642 0.298828125 0.07368827160490002 0.091796875
1 0.09375 0.4140625 0.11805555555599999 0.181640625
1 0.07581018518520001 0.673095703125 0.15162037037 0.36083984375
1 0.10976080246899998 0.216796875 0.0968364197531 0.05078125
1 0.265432098765 0.25537109375 0.05864197530859995 0.060546875
1 0.324074074074 0.19921875 0.04783950617280003 0.056640625
1 0.383487654321 0.195556640625 0.042438271604900026 0.04833984375
0 0.610725308642 0.25 0.023919753086399927 0.0615234375
0 0.576581790123 0.1982421875 0.017361111111100058 0.0458984375
0 0.534529320988 0.17919921875 0.018132716049400085 0.044921875
0 0.641203703704 0.212890625 0.016203703703700018 0.044921875
0 0.631172839506 0.189208984375 0.013888888888899942 0.04931640625
0 0.650848765432 0.189208984375 0.013888888888899942 0.04638671875
1 0.451581790123 0.152099609375 0.03125 0.03955078125
1 0.44483024691399997 0.130615234375 0.023148148148100074 0.02099609375
1 0.474537037037 0.10595703125 0.03163580246910001 0.05078125
1 0.497299382716 0.095703125 0.016203703703700018 0.0166015625
1 0.493634259259 0.087158203125 0.015817901234600005 0.01708984375
1 0.437885802469 0.11181640625 0.02700617283950003 0.02734375
1 0.445023148148 0.0927734375 0.01658950617280003 0.017578125
1 0.42997685185199996 0.096435546875 0.018132716049400085 0.01708984375
1 0.440972222222 0.076416015625 0.013117283950599915 0.01611328125
1 0.391396604938 0.137939453125 0.025848765432100036 0.02294921875
1 0.360339506173 0.147705078125 0.03163580246910001 0.02978515625
1 0.10358796296299999 0.1728515625 0.055169753086400014 0.029296875
1 0.146797839506 0.165771484375 0.053626543209900006 0.03173828125
1 0.287808641975 0.1474609375 0.055555555555600024 0.0751953125
