1 0.369731104651 0.670969202899 0.16024709302300003 0.21422101449299993
1 0.672965116279 0.62794384058 0.20784883720899994 0.3310688405800001
1 0.814680232558 0.484375 0.10029069767399988 0.11277173913000002
1 0.91042877907 0.62160326087 0.17405523255800007 0.1779891304350001
1 0.375363372093 0.9067028985510001 0.21438953488400003 0.1793478260870001
1 0.473292151163 0.461503623188 0.1115552325579999 0.12318840579699997
1 0.521257267442 0.38428442029 0.09774709302329994 0.10914855072499996
1 0.531431686047 0.322690217391 0.08757267441860002 0.0701992753623
1 0.677325581395 0.39696557971 0.09883720930229997 0.07472826086960002
1 0.724382267442 0.323596014493 0.07521802325580007 0.06567028985509996
1 0.834665697674 0.38134057971 0.07776162790699988 0.07789855072459999
1 0.79269622093 0.278079710145 0.049055232558099876 0.04981884057969995
1 0.612827034884 0.254755434783 0.04033430232560007 0.06567028985509998
1 0.65679505814 0.268795289855 0.06286337209299996 0.09375
1 0.748183139535 0.268115942029 0.055232558139499933 0.05434782608699998
