0 0.18672839506199998 0.3310546875 0.024691358024699996 0.072265625
0 0.313657407407 0.229248046875 0.013888888888900029 0.04541015625
0 0.42148919753099995 0.282470703125 0.01658950617280003 0.05712890625
0 0.46759259259299996 0.29736328125 0.020833333333299998 0.0634765625
0 0.140625 0.25439453125 0.01273148148149999 0.037109375
1 0.42110339506199995 0.2392578125 0.03896604938270008 0.046875
1 0.369405864198 0.2392578125 0.045138888888900025 0.046875
1 0.435570987654 0.2197265625 0.037037037037000016 0.041015625
1 0.44849537037 0.200927734375 0.03356481481480007 0.04248046875
1 0.465084876543 0.187744140625 0.02893518518519992 0.03955078125
1 0.47087191358 0.173095703125 0.027391975308600044 0.03076171875
1 0.39429012345699993 0.21142578125 0.037037037036999974 0.048828125
1 0.40162037037 0.184326171875 0.03163580246910001 0.02978515625
1 0.427854938272 0.17919921875 0.03163580246910001 0.0302734375
1 0.45524691358 0.156005859375 0.026234567901200004 0.04150390625
1 0.435185185185 0.1533203125 0.021604938271600024 0.037109375
1 0.35513117283999995 0.196044921875 0.06905864197529996 0.08837890625
1 0.47434413580199997 0.13525390625 0.015817901234600005 0.017578125
1 0.5081018518519999 0.124267578125 0.013888888888899942 0.01708984375
1 0.491898148148 0.12451171875 0.012345679012300064 0.017578125
1 0.518518518519 0.182373046875 0.030864197530899987 0.03662109375
1 0.55787037037 0.171630859375 0.026234567901200004 0.02880859375
1 0.532021604938 0.150634765625 0.020061728395099974 0.02490234375
1 0.553433641975 0.139892578125 0.017361111111100058 0.01904296875
1 0.5304783950619999 0.136474609375 0.016975308642000045 0.01806640625
1 0.537037037037 0.12744140625 0.013888888888899942 0.0185546875
1 0.552854938272 0.116943359375 0.011574074074100039 0.01513671875
1 0.521026234568 0.10546875 0.0104166666667 0.0146484375
