1 0.5734375 0.754166666667 0.18229166666699997 0.30277777777800013
1 0.882552083333 0.857407407407 0.2276041666669999 0.27037037036999995
1 0.32421875 0.6342592592590001 0.13385416666700004 0.24444444444400001
1 0.64765625 0.42314814814800006 0.1401041666669999 0.14259259259300003
1 0.9296875 0.5236111111110001 0.13958333333300008 0.14907407407399997
1 0.704427083333 0.349074074074 0.08697916666670007 0.10185185185199996
1 0.7088541666669999 0.29120370370400006 0.071875 0.05277777777779999
1 0.963802083333 0.440740740741 0.07135416666670007 0.06111111111109996
1 0.963802083333 0.4 0.07135416666670007 0.05740740740740004
0 0.1765625 0.601851851852 0.0333333333333 0.15185185185200006
1 0.50703125 0.357407407407 0.07864583333330005 0.10185185185199996
1 0.46328125 0.30740740740700007 0.0546875 0.07592592592590003
1 0.3640625 0.27962962963000004 0.044791666666700064 0.07222222222220001
1 0.435677083333 0.268981481481 0.04010416666669994 0.06574074074070001
1 0.504947916667 0.227314814815 0.0390625 0.056481481481500014
1 0.414583333333 0.24629629629600003 0.030208333333300055 0.046296296296299985
1 0.3421875 0.24490740740700004 0.030208333333300055 0.04166666666670001
1 0.396354166667 0.227314814815 0.03125 0.04722222222220001
1 0.359375 0.207407407407 0.027083333333300055 0.042592592592600016
1 0.329947916667 0.205555555556 0.0234375 0.03333333333330002
1 0.44375 0.156944444444 0.01875 0.026851851851900012
1 0.426822916667 0.153703703704 0.015104166666699944 0.020370370370400005
0 0.665364583333 0.231018518519 0.009895833333330018 0.04907407407410003
0 0.305989583333 0.252777777778 0.013020833333300057 0.046296296296299985
0 0.521614583333 0.184722222222 0.005729166666669982 0.036111111111100005
0 0.486979166667 0.166203703704 0.00625 0.02870370370370002
0 0.583333333333 0.197685185185 0.008333333333330018 0.036111111111100005
0 0.594010416667 0.203703703704 0.008854166666669983 0.03703703703699999
1 0.391927083333 0.176388888889 0.0265625 0.036111111111100005
