1 0.7154706790123456 0.7763671875 0.20254629629629628 0.265625
1 0.5518904320987654 0.362548828125 0.08680555555555555 0.09521484375
1 0.44907407407407407 0.241455078125 0.08333333333333333 0.14501953125
0 0.2706404320987654 0.459716796875 0.03742283950617284 0.11474609375
0 0.3138503086419753 0.270751953125 0.02044753086419753 0.05517578125
1 0.6491126543209876 0.24462890625 0.05362654320987654 0.0517578125
1 0.5790895061728395 0.23974609375 0.03780864197530864 0.0478515625
1 0.5634645061728395 0.220458984375 0.03973765432098765 0.04248046875
1 0.5297067901234568 0.137939453125 0.019290123456790122 0.02099609375
1 0.5034722222222222 0.1376953125 0.015432098765432098 0.0205078125
1 0.5111882716049383 0.122314453125 0.012345679012345678 0.01318359375
1 0.4884259259259259 0.119384765625 0.013117283950617283 0.01416015625
1 0.48148148148148145 0.175537109375 0.03009259259259259 0.02685546875
1 0.4739583333333333 0.151611328125 0.027391975308641972 0.03857421875
1 0.4419367283950617 0.16357421875 0.02970679012345679 0.017578125
1 0.44656635802469136 0.13671875 0.018132716049382713 0.0205078125
