1 0.22421875000000002 0.629861111111 0.171875 0.2041666666670001
1 0.27187500000000003 0.46111111111100006 0.14375000000000002 0.13888888888900006
1 0.4890625 0.5812500000000002 0.14375000000000002 0.19027777777799995
1 0.73046875 0.525694444444 0.1546875 0.16527777777799996
1 0.825390625 0.682638888889 0.18359375 0.2152777777780001
1 0.5261718750000001 0.8375 0.23046875 0.3166666666670001
1 0.060546875 0.557638888889 0.11953125 0.1652777777780001
1 0.045312500000000006 0.39930555555600006 0.0890625 0.1125
1 0.047265625000000006 0.334722222222 0.08515625 0.09166666666669998
1 0.49140625000000004 0.4076388888890001 0.1640625 0.27638888888900004
1 0.065234375 0.260416666667 0.06640625 0.07361111111109998
1 0.460546875 0.23055555555600002 0.14140625 0.07777777777779997
1 0.38007812500000004 0.209722222222 0.11484375000000001 0.08055555555560001
1 0.83125 0.264583333333 0.1609375 0.09583333333330002
1 0.6671875 0.211805555556 0.134375 0.08472222222220002
0 0.22031250000000002 0.23958333333300003 0.026562500000000003 0.07361111111109998
0 0.180078125 0.238888888889 0.02421875 0.06388888888890003
0 0.13359375 0.275694444444 0.0203125 0.07638888888890003
1 0.11875000000000001 0.20833333333300003 0.1015625 0.06666666666669999
1 0.115625 0.167361111111 0.0703125 0.07083333333330002
1 0.39375000000000004 0.150694444444 0.06875 0.045833333333300016
1 0.458984375 0.15694444444400002 0.05234375 0.0694444444444
