1 0.7816406250000001 0.622916666667 0.18203125 0.2208333333330001
1 0.511328125 0.5520833333330001 0.22421875000000002 0.3958333333330001
1 0.13203125000000002 0.8597222222220001 0.26406250000000003 0.27222222222199993
1 0.491796875 0.9090277777780001 0.26015625000000003 0.17916666666700015
1 0.84921875 0.39444444444400006 0.1171875 0.13611111111099997
1 0.701171875 0.39027777777800005 0.11953125 0.11388888888900005
1 0.680859375 0.3062500000000001 0.09921875000000001 0.08472222222220004
1 0.97265625 0.38125000000000003 0.05 0.14583333333300003
1 0.49921875000000004 0.347222222222 0.08281250000000001 0.06666666666669999
1 0.520703125 0.29375 0.08359375000000001 0.07361111111109998
1 0.5398437500000001 0.231944444444 0.0671875 0.075
1 0.40703125 0.256944444444 0.0734375 0.08055555555560001
1 0.45703125 0.222222222222 0.06875 0.0694444444444
1 0.649609375 0.240972222222 0.06328125 0.0680555555556
1 0.055859375 0.391666666667 0.11171875 0.21111111111099995
1 0.4921875 0.193055555556 0.040625 0.05277777777779998
1 0.626953125 0.207638888889 0.05078125 0.040277777777799964
1 0.614453125 0.18194444444400001 0.04609375 0.03611111111109998
1 0.70703125 0.175694444444 0.0578125 0.04861111111109998
1 0.659375 0.154166666667 0.060937500000000006 0.041666666666699985
1 0.6937500000000001 0.125 0.07500000000000001 0.03333333333330002
1 0.8125 0.194444444444 0.11875000000000001 0.17777777777800002
1 0.934765625 0.176388888889 0.06796875000000001 0.06111111111109998
1 0.5734375 0.161111111111 0.0484375 0.044444444444399996
1 0.58359375 0.136805555556 0.06406250000000001 0.045833333333300016
1 0.534375 0.169444444444 0.040625 0.047222222222200017
