1 0.6311773255813954 0.713088768116 0.1635174418604651 0.21422101449299993
1 0.33684593023255816 0.633378623188 0.17659883720930233 0.17980072463799998
1 0.26653343023255816 0.847599637681 0.25690406976744184 0.2513586956520001
1 0.6311773255813954 0.915307971014 0.2260174418604651 0.16847826086999998
1 0.10174418604651163 0.646059782609 0.1875 0.17617753623200003
1 0.6349927325581395 0.403759057971 0.19149709302325582 0.08559782608699998
1 0.6606104651162791 0.510416666667 0.032703488372093026 0.10869565217399996
0 0.5477834302325582 0.49886775362300007 0.031613372093023256 0.11639492753599998
0 0.6482558139534884 0.470108695652 0.02252906976744186 0.08605072463769996
0 0.6251816860465116 0.49026268115900007 0.033066860465116275 0.09918478260869998
0 0.5479651162790697 0.460144927536 0.030523255813953487 0.10688405797100002
0 0.4445857558139535 0.507019927536 0.031613372093023256 0.10914855072499996
0 0.4491279069767442 0.43161231884100004 0.023255813953488372 0.08423913043480001
0 0.3699127906976744 0.495697463768 0.03125 0.10552536231899999
0 0.29869186046511625 0.482336956522 0.028343023255813952 0.11684782608699998
0 0.26199127906976744 0.49592391304300004 0.024709302325581394 0.11413043478300001
0 0.20421511627906977 0.455163043478 0.02688953488372093 0.09057971014489999
0 0.13372093023255813 0.517663043478 0.028343023255813952 0.10869565217399996
0 0.09175145348837209 0.458333333333 0.02507267441860465 0.09510869565219997
1 0.1119186046511628 0.264492753623 0.057412790697674417 0.06521739130430002
1 0.23909883720930233 0.262454710145 0.04796511627906977 0.05117753623190002
1 0.3617369186046512 0.307291666667 0.06649709302325581 0.054800724637700006
1 0.3809956395348837 0.275135869565 0.043968023255813955 0.038496376811599974
