1 0.518904320988 0.594970703125 0.12885802469099994 0.23193359375
1 0.336226851852 0.603759765625 0.15702160493800002 0.18603515625
1 0.5034722222219999 0.896240234375 0.21604938271600008 0.20654296875
1 0.22723765432099996 0.859619140625 0.2546296296300001 0.26708984375
1 0.08429783950619998 0.473388671875 0.130015432099 0.12939453125
1 0.275270061728 0.364501953125 0.09760802469140004 0.10986328125
1 0.539930555556 0.288818359375 0.11072530864200004 0.08740234375
1 0.817322530864 0.343017578125 0.16628086419799998 0.07958984375
1 0.793209876543 0.30029296875 0.156635802469 0.0673828125
1 0.895061728395 0.2529296875 0.12191358024699989 0.0546875
0 0.8111496913579999 0.391845703125 0.03356481481480007 0.10693359375
1 0.429398148148 0.232177734375 0.0470679012346 0.05419921875
1 0.351658950617 0.256103515625 0.054398148148099984 0.06005859375
1 0.288387345679 0.253662109375 0.054398148148099984 0.07666015625
1 0.333333333333 0.22412109375 0.04552469135800004 0.0458984375
1 0.41531635802499994 0.17431640625 0.030478395061699973 0.0302734375
1 0.559799382716 0.162109375 0.023148148148100074 0.0234375
1 0.498456790123 0.11767578125 0.013888888888899942 0.017578125
1 0.520061728395 0.103515625 0.015432098765399992 0.0234375
