1 0.5617283950619999 0.849853515625 0.22222222222199992 0.29931640625
1 0.519675925926 0.470458984375 0.11111111111100005 0.15087890625
1 0.62075617284 0.371826171875 0.09645061728399991 0.13720703125
1 0.293402777778 0.419189453125 0.10995370370400002 0.11865234375
1 0.18788580246899997 0.336669921875 0.11574074074099999 0.08544921875
1 0.06732253086419998 0.2841796875 0.09374999999999999 0.0869140625
1 0.46527777777799995 0.298583984375 0.07716049382719996 0.08251953125
1 0.553240740741 0.2216796875 0.10879629629599996 0.1572265625
1 0.46875 0.19482421875 0.04089506172839997 0.0458984375
0 0.6221064814809999 0.24072265625 0.02893518518519992 0.0703125
1 0.174382716049 0.1865234375 0.03549382716050001 0.0322265625
1 0.393325617284 0.170654296875 0.03279320987650001 0.03662109375
1 0.346450617284 0.179443359375 0.02932098765430002 0.03466796875
1 0.30459104938299997 0.166748046875 0.029706790123500033 0.02880859375
1 0.3256172839509999 0.141845703125 0.02700617283950003 0.03369140625
1 0.35358796296299994 0.163330078125 0.02584876543209999 0.02880859375
1 0.36014660493799994 0.1494140625 0.025077160493799964 0.029296875
1 0.374228395062 0.135986328125 0.021604938271600024 0.03076171875
1 0.404320987654 0.12841796875 0.029320987654299975 0.041015625
1 0.515817901235 0.103271484375 0.020833333333299998 0.01708984375
1 0.44270833333299997 0.07666015625 0.017361111111100058 0.0234375
