0 0.8596354166666667 0.520833333333 0.0265625 0.12129629629600003
0 0.65234375 0.5314814814810002 0.0296875 0.13888888888900006
0 0.29609375 0.24537037037 0.0140625 0.04259259259259999
0 0.3966145833333333 0.20833333333300003 0.013020833333333334 0.040740740740700006
1 0.5158854166666667 0.6333333333330001 0.1265625 0.2277777777780001
1 0.2703125 0.800462962963 0.23333333333333334 0.34537037036999996
1 0.4473958333333333 0.37777777777800003 0.09583333333333333 0.13333333333299996
1 0.6075520833333333 0.32962962963 0.059895833333333336 0.09444444444440002
1 0.5450520833333333 0.293055555556 0.05677083333333333 0.08981481481479997
1 0.6411458333333333 0.236111111111 0.029166666666666667 0.04259259259259999
1 0.6877604166666667 0.225462962963 0.0265625 0.03981481481480003
1 0.3671875 0.32962962963 0.071875 0.07962962962960006
1 0.07760416666666667 0.454166666667 0.1375 0.11574074074100002
1 0.3958333333333333 0.262962962963 0.059375 0.04259259259259996
1 0.6489583333333333 0.191666666667 0.030208333333333334 0.03148148148150001
1 0.6255208333333333 0.174537037037 0.026041666666666668 0.02314814814809999
1 0.57265625 0.15509259259300004 0.015104166666666667 0.02314814814809999
1 0.55859375 0.15138888888900004 0.0140625 0.02314814814809999
1 0.5510416666666667 0.16342592592600003 0.0125 0.02870370370370002
0 0.46979166666666666 0.185648148148 0.009375 0.030555555555599977
