1 0.533179012346 0.857421875 0.21296296296299996 0.2841796875
1 0.693672839506 0.4072265625 0.239969135802 0.3203125
0 0.943287037037 0.7060546875 0.05401234567900006 0.1650390625
0 0.017361111111099996 0.419921875 0.0277777777778 0.091796875
1 0.515817901235 0.224609375 0.04783950617280003 0.052734375
1 0.46006944444399994 0.19921875 0.04128086419749998 0.0439453125
1 0.46219135802499994 0.161376953125 0.02546296296299998 0.03564453125
1 0.48958333333299997 0.137939453125 0.02700617283950003 0.02783203125
1 0.451774691358 0.13818359375 0.02546296296299998 0.029296875
1 0.43364197530899995 0.100830078125 0.019290123456799948 0.01806640625
1 0.516396604938 0.1044921875 0.018132716049400085 0.017578125
1 0.49170524691399997 0.09912109375 0.017361111111100058 0.0205078125
1 0.173804012346 0.184814453125 0.029706790123499992 0.03173828125
1 0.342978395062 0.170654296875 0.032407407407400037 0.03271484375
1 0.386959876543 0.16650390625 0.03086419753090003 0.033203125
1 0.31597222222199994 0.158447265625 0.02700617283950003 0.02880859375
1 0.3256172839509999 0.1455078125 0.022376543209899964 0.0234375
1 0.358217592593 0.16064453125 0.024305555555600027 0.0244140625
1 0.396026234568 0.152587890625 0.025077160493799964 0.02880859375
1 0.332947530864 0.12548828125 0.04552469135799995 0.044921875
