1 0.618229166667 0.891203703704 0.19895833333300003 0.206481481481
1 0.313802083333 0.9037037037040001 0.13697916666700002 0.17777777777799988
1 0.928385416667 0.933333333333 0.1421875 0.12962962962999997
1 0.7635416666669999 0.7513888888890001 0.2052083333330001 0.30092592592600004
1 0.31015625 0.6680555555560002 0.13177083333299996 0.2898148148149999
1 0.473958333333 0.6222222222220001 0.13958333333299996 0.23518518518499992
1 0.6697916666669999 0.522685185185 0.1802083333330001 0.19166666666699994
1 0.5640625 0.415277777778 0.09479166666670007 0.13611111111099997
1 0.322916666667 0.47500000000000003 0.07916666666669994 0.13518518518499997
1 0.428385416667 0.43564814814800007 0.0859375 0.14907407407399997
1 0.96171875 0.408333333333 0.07552083333329994 0.08148148148150001
1 0.45546875 0.37314814814800007 0.09635416666670006 0.10370370370400003
1 0.330989583333 0.37777777777800003 0.05572916666669994 0.09259259259259997
1 0.323697916667 0.31712962963 0.041145833333300054 0.06388888888889994
1 0.402864583333 0.32638888888900003 0.0484375 0.09166666666670004
1 0.495833333333 0.340277777778 0.06458333333330006 0.07870370370370003
1 0.378385416667 0.298611111111 0.04427083333330006 0.06759259259259996
1 0.466145833333 0.301851851852 0.046875 0.05185185185189996
1 0.44427083333299994 0.2791666666670001 0.04375 0.05277777777779999
1 0.427604166667 0.25231481481500007 0.03541666666670006 0.045370370370399975
1 0.37890625 0.261111111111 0.03489583333329994 0.03888888888890005
1 0.365625 0.240277777778 0.03125 0.0398148148148
1 0.4125 0.23287037037 0.030208333333300055 0.045370370370399975
1 0.33619791666699994 0.236574074074 0.03385416666669994 0.03981481481480003
1 0.39921875 0.221296296296 0.025520833333299936 0.0388888888889
1 0.36875 0.218518518519 0.025 0.03333333333330002
1 0.331770833333 0.216666666667 0.027083333333300055 0.02777777777779999
1 0.382291666667 0.197685185185 0.023958333333300056 0.02870370370370002
1 0.340364583333 0.201851851852 0.021354166666699943 0.02592592592589998
1 0.567447916667 0.24490740740700004 0.04322916666670006 0.04351851851849999
1 0.44375 0.159259259259 0.016666666666699942 0.029629629629599998
1 0.427083333333 0.153703703704 0.014583333333300056 0.020370370370400005
0 0.169270833333 0.39722222222200004 0.01875 0.09629629629629999
0 0.1984375 0.3967592592590001 0.016666666666700004 0.09166666666670004
0 0.29322916666699994 0.266666666667 0.010416666666699943 0.05185185185189996
0 0.75546875 0.289814814815 0.0140625 0.05740740740740004
0 0.778125 0.285185185185 0.013541666666700062 0.06296296296300002
0 0.793229166667 0.285185185185 0.010416666666700061 0.06481481481479998
0 0.656510416667 0.225 0.008854166666669983 0.04259259259259999
0 0.52265625 0.179166666667 0.006770833333330018 0.02870370370370002
0 0.306510416667 0.23009259259299997 0.009895833333330018 0.03796296296299999
