0 0.203125 0.599365234375 0.05671296296296296 0.15283203125
1 0.46778549382716045 0.82275390625 0.21566358024691357 0.306640625
1 0.49807098765432095 0.377197265625 0.08796296296296297 0.10205078125
1 0.4141589506172839 0.259765625 0.08912037037037036 0.1083984375
1 0.6919367283950617 0.34619140625 0.0798611111111111 0.09765625
1 0.6637731481481481 0.264404296875 0.06520061728395062 0.06591796875
1 0.8115354938271605 0.339111328125 0.0952932098765432 0.10498046875
1 0.8125 0.487060546875 0.1419753086419753 0.17529296875
1 0.6280864197530864 0.170654296875 0.06867283950617284 0.10693359375
1 0.7177854938271605 0.244384765625 0.05285493827160494 0.05224609375
1 0.6790123456790123 0.1953125 0.038580246913580245 0.037109375
1 0.7116126543209876 0.152587890625 0.05825617283950617 0.07373046875
1 0.5364583333333333 0.1376953125 0.025848765432098762 0.029296875
1 0.570216049382716 0.10400390625 0.016975308641975308 0.0224609375
1 0.5424382716049383 0.114013671875 0.019290123456790122 0.02099609375
1 0.5368441358024691 0.092529296875 0.015817901234567902 0.01513671875
1 0.5025077160493827 0.095947265625 0.017361111111111112 0.01513671875
1 0.61304012345679 0.108154296875 0.020833333333333332 0.01904296875
1 0.5540123456790124 0.095703125 0.013888888888888888 0.0166015625
1 0.5609567901234568 0.080810546875 0.011574074074074073 0.01416015625
0 0.4515817901234568 0.17529296875 0.01273148148148148 0.041015625
0 0.4307484567901234 0.177734375 0.015046296296296295 0.046875
0 0.3967978395061728 0.18798828125 0.013503086419753086 0.0439453125
0 0.38406635802469136 0.187255859375 0.009645061728395061 0.04541015625
