1 0.6404433139534884 0.706974637681 0.1726017441860465 0.20471014492800005
1 0.3413880813953488 0.630434782609 0.18640988372093023 0.18297101449299993
1 0.2668968023255814 0.84375 0.26780523255813954 0.24365942029000007
1 0.10356104651162791 0.640625 0.17877906976744184 0.16259057970999993
1 0.14861918604651161 0.329030797101 0.07630813953488372 0.07653985507250002
1 0.26925872093023256 0.307065217391 0.06031976744186046 0.06702898550720003
1 0.4500363372093023 0.341259057971 0.07303779069767442 0.08197463768119999
1 0.3808139534883721 0.301630434783 0.06758720930232558 0.05978260869569996
0 0.6840479651162791 0.515625 0.035247093023255814 0.11277173913000002
0 0.6068313953488372 0.51268115942 0.042877906976744186 0.125
0 0.5099927325581395 0.507925724638 0.035247093023255814 0.12182971014500003
0 0.4669331395348837 0.46784420289900003 0.03125 0.09510869565220002
0 0.2487281976744186 0.460824275362 0.03379360465116279 0.11548913043499999
0 0.39280523255813954 0.46240942029 0.036337209302325583 0.10326086956499995
0 0.6627906976744186 0.445425724638 0.029796511627906978 0.09374999999999994
0 0.44622093023255816 0.44044384058 0.02688953488372093 0.06748188405800006
0 0.25999273255813954 0.39990942029 0.026526162790697673 0.07065217391300002
1 0.11337209302325581 0.273550724638 0.06468023255813954 0.04710144927540001
