1 0.7515432098770001 0.67578125 0.19675925925900004 0.216796875
1 0.3138503086419999 0.6611328125 0.16010802469099994 0.203125
1 0.202932098765 0.866455078125 0.2345679012349999 0.26611328125
1 0.474729938272 0.21630859375 0.050540123456799944 0.0546875
1 0.12596450617300003 0.578125 0.177083333333 0.1953125
1 0.119984567901 0.432373046875 0.13348765432099996 0.15087890625
1 0.2787422839509999 0.25830078125 0.07368827160490002 0.0869140625
1 0.3451003086419999 0.2294921875 0.052083333333299994 0.0498046875
1 0.362075617284 0.18603515625 0.048225308642000045 0.046875
1 0.2787422839509999 0.181640625 0.04668209876539999 0.048828125
1 0.16280864197499997 0.191162109375 0.18287037037 0.10205078125
0 0.54224537037 0.179443359375 0.01504629629629998 0.04736328125
0 0.5806327160489999 0.197021484375 0.016203703703700018 0.05517578125
0 0.6398533950619999 0.214599609375 0.019675925925899958 0.05126953125
0 0.621913580247 0.189208984375 0.016203703703700018 0.05029296875
0 0.634645061728 0.187255859375 0.015432098765399992 0.04736328125
1 0.357060185185 0.123779296875 0.04128086419749998 0.06591796875
1 0.3890817901229999 0.11474609375 0.016589506172799987 0.021484375
1 0.42881944444399994 0.1064453125 0.019675925925899958 0.0224609375
1 0.453317901235 0.08642578125 0.021604938271600024 0.037109375
1 0.498649691358 0.09765625 0.017361111111100058 0.0166015625
1 0.49382716049399994 0.089599609375 0.013888888888899942 0.01708984375
1 0.39564043209899996 0.07666015625 0.011188271604900024 0.0126953125
1 0.320408950617 0.129150390625 0.03587962962959998 0.05908203125
