1 0.4552469135802469 0.69091796875 0.16666666666666666 0.2412109375
0 0.36709104938271603 0.461181640625 0.03510802469135802 0.11474609375
0 0.24980709876543208 0.48486328125 0.03742283950617284 0.130859375
0 0.11921296296296295 0.511962890625 0.04089506172839506 0.13916015625
0 0.1261574074074074 0.414794921875 0.03626543209876543 0.11572265625
1 0.8894675925925926 0.6083984375 0.18094135802469136 0.2138671875
1 0.8813657407407407 0.22119140625 0.0952932098765432 0.0439453125
1 0.8240740740740741 0.186279296875 0.035493827160493825 0.03466796875
1 0.7845293209876543 0.3564453125 0.08294753086419752 0.091796875
0 0.984375 0.443115234375 0.027391975308641972 0.12548828125
0 0.30883487654320985 0.268798828125 0.019675925925925923 0.07177734375
1 0.5210262345679012 0.346923828125 0.07445987654320987 0.07861328125
1 0.6803626543209876 0.302490234375 0.07060185185185185 0.07763671875
1 0.7253086419753086 0.25830078125 0.05632716049382716 0.0634765625
1 0.6352237654320987 0.215576171875 0.0474537037037037 0.05029296875
1 0.6919367283950617 0.199951171875 0.04513888888888889 0.05224609375
1 0.5271990740740741 0.17236328125 0.03433641975308642 0.037109375
1 0.4087577160493827 0.26416015625 0.13310185185185183 0.1845703125
1 0.6209490740740741 0.184326171875 0.028935185185185182 0.03662109375
1 0.6512345679012346 0.1689453125 0.033950617283950615 0.046875
1 0.6813271604938271 0.15673828125 0.03317901234567901 0.0380859375
1 0.6041666666666666 0.16259765625 0.03317901234567901 0.0400390625
1 0.5979938271604938 0.14453125 0.027777777777777776 0.0302734375
1 0.638695987654321 0.14208984375 0.02816358024691358 0.02734375
1 0.5250771604938271 0.1337890625 0.024691358024691357 0.0361328125
1 0.5559413580246914 0.127197265625 0.024691358024691357 0.02587890625
0 0.4697145061728395 0.1552734375 0.01273148148148148 0.0400390625
0 0.4905478395061728 0.13037109375 0.011188271604938271 0.029296875
1 0.4861111111111111 0.103759765625 0.019290123456790122 0.02001953125
1 0.5655864197530864 0.099365234375 0.015432098765432098 0.02001953125
1 0.5474537037037037 0.084228515625 0.019290123456790122 0.02490234375
1 0.5092592592592592 0.09765625 0.020061728395061727 0.0185546875
1 0.5397376543209876 0.11474609375 0.020061728395061727 0.025390625
