1 0.4878472222222222 0.593017578125 0.1277006172839506 0.23193359375
1 0.7461419753086419 0.813720703125 0.22916666666666666 0.29150390625
1 0.8966049382716049 0.581787109375 0.19984567901234568 0.19677734375
1 0.8607253086419753 0.44970703125 0.14737654320987653 0.125
0 0.9021990740740741 0.3466796875 0.02816358024691358 0.0654296875
0 0.5081018518518519 0.258544921875 0.017746913580246913 0.05615234375
1 0.5794753086419753 0.2412109375 0.040123456790123455 0.0458984375
1 0.6331018518518519 0.240966796875 0.046296296296296294 0.04541015625
1 0.6946373456790123 0.245361328125 0.05285493827160494 0.05419921875
1 0.671875 0.232666015625 0.04128086419753086 0.04931640625
1 0.5652006172839505 0.22119140625 0.03626543209876543 0.0400390625
1 0.5501543209876543 0.2041015625 0.035493827160493825 0.046875
1 0.5347222222222222 0.18798828125 0.033950617283950615 0.037109375
1 0.5285493827160493 0.17333984375 0.026234567901234566 0.03125
1 0.6066743827160493 0.211669921875 0.03896604938271605 0.04541015625
1 0.6572145061728395 0.202392578125 0.04050925925925926 0.04638671875
1 0.5574845679012346 0.1728515625 0.029320987654320986 0.029296875
1 0.552662037037037 0.150634765625 0.02044753086419753 0.02197265625
1 0.5308641975308641 0.137451171875 0.019290123456790122 0.02099609375
1 0.5968364197530864 0.18115234375 0.03626543209876543 0.0302734375
1 0.20293209876543208 0.225341796875 0.1257716049382716 0.08154296875
