1 0.4722222222222222 0.725341796875 0.17592592592592593 0.24853515625
1 0.33661265432098764 0.388671875 0.14853395061728394 0.1953125
1 0.6900077160493827 0.320068359375 0.08063271604938271 0.10693359375
1 0.6404320987654321 0.2431640625 0.0470679012345679 0.0595703125
1 0.7293595679012346 0.246826171875 0.059027777777777776 0.07958984375
1 0.9261188271604938 0.654296875 0.14776234567901234 0.27734375
1 0.8931327160493827 0.41748046875 0.12422839506172839 0.1474609375
1 0.8383487654320987 0.33935546875 0.09799382716049382 0.0986328125
1 0.8468364197530863 0.208984375 0.09104938271604937 0.0498046875
1 0.5241126543209876 0.165283203125 0.03587962962962963 0.03173828125
1 0.5322145061728395 0.13671875 0.02353395061728395 0.02734375
1 0.6836419753086419 0.199462890625 0.040123456790123455 0.04248046875
1 0.6527777777777778 0.165771484375 0.03626543209876543 0.02880859375
1 0.6120756172839505 0.142578125 0.05131172839506173 0.0732421875
1 0.5652006172839505 0.11767578125 0.020061728395061727 0.0234375
1 0.5273919753086419 0.104248046875 0.023148148148148147 0.02294921875
1 0.5023148148148148 0.09619140625 0.015432098765432098 0.017578125
1 0.5522762345679012 0.103271484375 0.015046296296296295 0.01708984375
0 0.39834104938271603 0.193359375 0.01427469135802469 0.052734375
0 0.38271604938271603 0.1943359375 0.012345679012345678 0.046875
0 0.43209876543209874 0.18115234375 0.014660493827160493 0.048828125
