1 0.3024918300653595 0.490966796875 0.16462418300653595 0.13720703125
1 0.23202614379084968 0.716796875 0.24754901960784315 0.259765625
1 0.7048611111111112 0.504150390625 0.14991830065359477 0.14501953125
1 0.4908088235294118 0.3544921875 0.09436274509803921 0.0927734375
1 0.4027777777777778 0.260498046875 0.06535947712418301 0.05810546875
1 0.8139297385620915 0.656494140625 0.23243464052287582 0.21826171875
1 0.8935866013071896 0.872314453125 0.20547385620915035 0.23193359375
1 0.46568627450980393 0.2392578125 0.04330065359477124 0.0458984375
1 0.5526960784313726 0.219970703125 0.049836601307189546 0.04736328125
1 0.4824346405228758 0.19873046875 0.03594771241830066 0.03515625
1 0.5010212418300654 0.169677734375 0.028186274509803922 0.02880859375
1 0.4497549019607843 0.143798828125 0.04738562091503268 0.05615234375
0 0.3539624183006536 0.24462890625 0.02165032679738562 0.0654296875
