0 0.3315972222222222 0.375732421875 0.03510802469135802 0.09619140625
1 0.8443287037037036 0.323974609375 0.19405864197530864 0.19970703125
1 0.5788966049382716 0.239990234375 0.04128086419753086 0.04931640625
1 0.630787037037037 0.2412109375 0.044753086419753084 0.0458984375
1 0.6942515432098765 0.244384765625 0.04899691358024691 0.05224609375
1 0.6666666666666666 0.227294921875 0.03780864197530864 0.04248046875
1 0.5648148148148148 0.219970703125 0.037037037037037035 0.04052734375
1 0.5503472222222222 0.2041015625 0.03973765432098765 0.0439453125
1 0.6043595679012346 0.2138671875 0.04050925925925926 0.044921875
1 0.5353009259259259 0.18701171875 0.03279320987654321 0.03515625
1 0.5275848765432098 0.173828125 0.028935185185185182 0.03125
1 0.5626929012345678 0.167724609375 0.021219135802469133 0.02685546875
1 0.5434027777777778 0.153564453125 0.021219135802469133 0.02294921875
1 0.5887345679012346 0.18310546875 0.038580246913580245 0.05078125
1 0.6246141975308641 0.184814453125 0.033950617283950615 0.04638671875
1 0.5075231481481481 0.14501953125 0.02199074074074074 0.0263671875
1 0.5258487654320987 0.132568359375 0.015432098765432098 0.01904296875
1 0.5439814814814814 0.14453125 0.016975308641975308 0.0166015625
1 0.49710648148148145 0.126220703125 0.016589506172839504 0.01806640625
1 0.46778549382716045 0.13134765625 0.017361111111111112 0.021484375
1 0.44675925925925924 0.129638671875 0.015432098765432098 0.01513671875
1 0.4618055555555555 0.116943359375 0.010802469135802469 0.01220703125
