1 0.4993872549019608 0.6162109375 0.1548202614379085 0.189453125
1 0.3000408496732026 0.4736328125 0.12622549019607843 0.1357421875
1 0.5104166666666666 0.40185546875 0.11478758169934641 0.10546875
1 0.38480392156862747 0.34765625 0.08823529411764706 0.0947265625
1 0.3964460784313726 0.266845703125 0.07148692810457516 0.06396484375
1 0.5042892156862745 0.261474609375 0.08782679738562092 0.12353515625
1 0.7248774509803921 0.495361328125 0.14419934640522877 0.14990234375
1 0.8041258169934641 0.66796875 0.22344771241830066 0.2470703125
0 0.3300653594771242 0.279541015625 0.02777777777777778 0.06884765625
0 0.40870098039215685 0.20703125 0.02165032679738562 0.048828125
1 0.4491421568627451 0.14697265625 0.03553921568627451 0.0537109375
