1 0.845100308642 0.731201171875 0.30902777777799995 0.43505859375
1 0.0721450617284 0.648193359375 0.144290123457 0.23486328125
1 0.31037808642 0.319580078125 0.07600308641980001 0.10107421875
1 0.48861882715999994 0.22119140625 0.04359567901230006 0.05078125
1 0.47376543209899996 0.169189453125 0.034722222222199936 0.03955078125
1 0.44425154320999993 0.13134765625 0.025077160493799964 0.025390625
1 0.45196759259299996 0.115478515625 0.01658950617280003 0.01904296875
1 0.46199845679 0.098388671875 0.019675925925899958 0.02001953125
1 0.49922839506199995 0.095947265625 0.016203703703700018 0.01513671875
1 0.49402006172799995 0.09033203125 0.015817901234600005 0.0146484375
1 0.44116512345699993 0.105224609375 0.021990740740700038 0.02294921875
0 0.607831790123 0.198974609375 0.013503086419799928 0.05126953125
0 0.6230709876539999 0.20068359375 0.012345679012300064 0.0498046875
0 0.570794753086 0.18212890625 0.01195987654320005 0.0517578125
1 0.215277777778 0.2978515625 0.0841049382716 0.1064453125
1 0.243827160494 0.246337890625 0.05709876543209999 0.05615234375
1 0.33275462963 0.231201171875 0.049768518518500005 0.06298828125
1 0.31037808642 0.2021484375 0.047453703703700015 0.048828125
1 0.173032407407 0.21044921875 0.06905864197529997 0.0439453125
1 0.262152777778 0.184326171875 0.048225308641999955 0.03759765625
1 0.3790509259259999 0.197998046875 0.03742283950620003 0.03564453125
1 0.385609567901 0.167724609375 0.03742283950620003 0.03466796875
1 0.39429012345700004 0.12451171875 0.04089506172840002 0.0625
