1 0.45466820987654316 0.583251953125 0.1454475308641975 0.19384765625
1 0.2702546296296296 0.589111328125 0.1585648148148148 0.18115234375
1 0.6902006172839505 0.666015625 0.16280864197530864 0.2060546875
1 0.44579475308641975 0.841796875 0.21643518518518517 0.2900390625
1 0.8086419753086419 0.861083984375 0.2777777777777778 0.27294921875
0 0.18209876543209874 0.51611328125 0.0470679012345679 0.154296875
0 0.02218364197530864 0.7646484375 0.04359567901234568 0.1748046875
0 0.8366126543209876 0.3779296875 0.03356481481481481 0.0888671875
1 0.9646990740740741 0.3212890625 0.06674382716049382 0.125
1 0.7075617283950617 0.16796875 0.034722222222222224 0.0341796875
1 0.6533564814814814 0.154296875 0.02970679012345679 0.0322265625
1 0.6159336419753086 0.163330078125 0.03047839506172839 0.03466796875
1 0.6049382716049383 0.124267578125 0.020833333333333332 0.02392578125
0 0.5538194444444444 0.151611328125 0.013503086419753086 0.03564453125
0 0.494020061728395 0.15283203125 0.01427469135802469 0.0380859375
0 0.4548611111111111 0.1650390625 0.011574074074074073 0.0419921875
0 0.4211033950617284 0.196044921875 0.01273148148148148 0.04931640625
0 0.35918209876543206 0.212646484375 0.015432098765432098 0.04248046875
0 0.30960648148148145 0.23486328125 0.018132716049382713 0.0556640625
0 0.3674768518518518 0.1953125 0.01273148148148148 0.046875
1 0.5536265432098765 0.089111328125 0.014660493827160493 0.01904296875
1 0.5027006172839505 0.095703125 0.016975308641975308 0.015625
1 0.537037037037037 0.08203125 0.009259259259259259 0.015625
1 0.6271219135802468 0.126953125 0.019675925925925923 0.0224609375
1 0.5648148148148148 0.06494140625 0.012345679012345678 0.0205078125
