1 0.470679012345679 0.569580078125 0.16280864197530864 0.20947265625
1 0.8287037037037036 0.41455078125 0.12654320987654322 0.1435546875
1 0.7376543209876543 0.306396484375 0.07253086419753085 0.09130859375
1 0.517554012345679 0.30029296875 0.07600308641975308 0.076171875
1 0.38657407407407407 0.314697265625 0.07716049382716049 0.07763671875
1 0.10204475308641975 0.923828125 0.20254629629629628 0.1484375
1 0.9278549382716049 0.212646484375 0.0640432098765432 0.03955078125
1 0.5133101851851851 0.24658203125 0.04822530864197531 0.06640625
1 0.4386574074074074 0.233642578125 0.05401234567901234 0.05029296875
1 0.5237268518518519 0.2109375 0.0466820987654321 0.0439453125
1 0.532986111111111 0.15869140625 0.03973765432098765 0.056640625
1 0.5503472222222222 0.13623046875 0.02044753086419753 0.029296875
1 0.5081018518518519 0.156005859375 0.023919753086419752 0.03076171875
1 0.5096450617283951 0.134765625 0.022376543209876542 0.0283203125
1 0.5509259259259259 0.112060546875 0.021604938271604937 0.02490234375
1 0.53491512345679 0.108154296875 0.016589506172839504 0.02294921875
1 0.5109953703703703 0.11669921875 0.02353395061728395 0.0185546875
1 0.5814043209876543 0.095947265625 0.023919753086419752 0.02587890625
1 0.5011574074074073 0.096435546875 0.017746913580246913 0.01611328125
1 0.6637731481481481 0.24658203125 0.05516975308641975 0.06640625
1 0.615162037037037 0.174072265625 0.03433641975308642 0.03955078125
1 0.7445987654320987 0.258544921875 0.0640432098765432 0.05908203125
1 0.704861111111111 0.208740234375 0.04398148148148148 0.04345703125
1 0.663966049382716 0.154541015625 0.05324074074074074 0.07373046875
1 0.7214506172839505 0.180419921875 0.042438271604938266 0.03173828125
1 0.7160493827160493 0.152099609375 0.045524691358024685 0.03466796875
1 0.6039737654320987 0.15087890625 0.028935185185185182 0.03125
