1 0.320987654321 0.64990234375 0.16280864197500003 0.1923828125
1 0.15181327160499997 0.40625 0.12075617283999997 0.126953125
1 0.44116512345699993 0.38037109375 0.08680555555559993 0.10546875
1 0.49324845679 0.26416015625 0.054398148148100074 0.0595703125
0 0.646219135802 0.310791015625 0.026234567901200004 0.06982421875
0 0.138117283951 0.255615234375 0.014660493827200012 0.03662109375
0 0.687885802469 0.271484375 0.01851851851849992 0.0576171875
1 0.419945987654 0.23583984375 0.03742283950620003 0.048828125
1 0.436149691358 0.21875 0.03587962962959998 0.04296875
1 0.520061728395 0.192138671875 0.02854938271600008 0.03173828125
1 0.524112654321 0.158203125 0.021990740740700038 0.01953125
1 0.447723765432 0.14990234375 0.020447530864199984 0.01953125
1 0.489197530864 0.147705078125 0.019290123456799948 0.02587890625
1 0.47974537037 0.13232421875 0.01504629629629998 0.015625
1 0.504822530864 0.127197265625 0.01195987654320005 0.01220703125
1 0.48939043209899996 0.12353515625 0.01195987654320005 0.015625
1 0.510223765432 0.119873046875 0.01195987654320005 0.01513671875
1 0.5289351851849999 0.1396484375 0.023919753086399927 0.0322265625
1 0.552854938272 0.132568359375 0.013117283950599915 0.01904296875
1 0.551697530864 0.1181640625 0.013117283950599915 0.0146484375
1 0.536265432099 0.113525390625 0.010030864197499986 0.01416015625
1 0.559027777778 0.19140625 0.05478395061729991 0.099609375
