1 0.834114583333 0.7384259259260001 0.2401041666669999 0.3601851851849999
1 0.462760416667 0.522685185185 0.1171875 0.20277777777800005
1 0.609635416667 0.48888888888900006 0.1265625 0.19629629629600004
1 0.32447916666699994 0.585648148148 0.103125 0.20462962962999995
1 0.329166666667 0.405092592593 0.0625 0.106481481481
1 0.47291666666699994 0.379166666667 0.11145833333299997 0.10833333333299996
1 0.49895833333299994 0.340277777778 0.06354166666669994 0.07685185185189997
1 0.4015625 0.327777777778 0.053125 0.08703703703699998
1 0.322135416667 0.312962962963 0.0453125 0.07962962962960006
1 0.37734375 0.297222222222 0.041145833333299936 0.06481481481479998
1 0.465625 0.303703703704 0.044791666666700064 0.05555555555559998
1 0.4421875 0.27962962963000004 0.039583333333299935 0.0592592592593
1 0.426822916667 0.255092592593 0.03489583333329994 0.0490740740741
1 0.37916666666699994 0.262037037037 0.034375 0.04814814814810004
1 0.3671875 0.241666666667 0.03125 0.040740740740700006
1 0.4125 0.233333333333 0.03229166666669994 0.04814814814809999
1 0.399479166667 0.218981481481 0.026041666666699943 0.0398148148148
1 0.379947916667 0.199537037037 0.022395833333300055 0.030555555555599977
1 0.327083333333 0.21574074074100003 0.03125 0.029629629629599998
1 0.52109375 0.209722222222 0.038020833333299996 0.04722222222220001
1 0.44375 0.160648148148 0.015625 0.026851851851900012
1 0.427604166667 0.156018518519 0.015625 0.02129629629629998
0 0.28932291666699994 0.268981481481 0.009895833333330018 0.039814814814799974
0 0.26796875 0.44027777777800003 0.0203125 0.10092592592600004
0 0.521614583333 0.181018518519 0.008854166666669983 0.030555555555599977
0 0.78828125 0.283333333333 0.011979166666700063 0.06111111111109996
1 0.9601562499999999 0.4041666666670001 0.07864583333329994 0.08981481481479997
0 0.122135416667 0.677314814815 0.033854166666700006 0.14166666666699995
0 0.08671875 0.677777777778 0.0317708333333 0.15370370370399994
