1 0.7858796296299999 0.637451171875 0.18595679012299993 0.20751953125
1 0.527199074074 0.59326171875 0.15316358024700005 0.1767578125
1 0.332561728395 0.5322265625 0.14197530864200003 0.1650390625
1 0.260223765432 0.825927734375 0.226466049383 0.31591796875
1 0.537615740741 0.871826171875 0.21412037037 0.25537109375
1 0.888310185185 0.89013671875 0.21720679012299993 0.21875
0 0.505594135802 0.3994140625 0.03742283950620003 0.0888671875
0 0.693672839506 0.42919921875 0.037037037037000016 0.0927734375
0 0.41878858024699994 0.28125 0.020447530864199984 0.078125
0 0.645447530864 0.2880859375 0.02546296296299998 0.0703125
1 0.113425925926 0.207275390625 0.0702160493827 0.04052734375
1 0.20698302469099997 0.1865234375 0.08063271604939999 0.0634765625
1 0.282407407407 0.173583984375 0.03858024691359998 0.03466796875
1 0.43460648148099995 0.179443359375 0.055169753086399924 0.08447265625
1 0.38580246913599997 0.158203125 0.03317901234570002 0.0400390625
1 0.33950617283999995 0.162841796875 0.034722222222200026 0.03857421875
1 0.44116512345699993 0.076171875 0.018904320987699934 0.025390625
1 0.498456790123 0.0966796875 0.016975308642000045 0.0166015625
1 0.49324845679 0.089599609375 0.01504629629629998 0.01318359375
0 0.632716049383 0.19677734375 0.012345679012300064 0.0439453125
