1 0.276041666667 0.578857421875 0.14467592592600004 0.17236328125
1 0.47241512345699993 0.435302734375 0.10609567901200005 0.10498046875
1 0.409722222222 0.33935546875 0.07947530864200004 0.083984375
1 0.604359567901 0.44677734375 0.09529320987650004 0.119140625
1 0.575424382716 0.326171875 0.07368827160490002 0.08203125
1 0.676697530864 0.287353515625 0.07098765432099993 0.06884765625
1 0.521219135802 0.286376953125 0.05401234567900006 0.05810546875
1 0.41763117284 0.852783203125 0.213348765432 0.29345703125
1 0.517554012346 0.23388671875 0.03973765432099993 0.0439453125
1 0.08892746913579999 0.33935546875 0.10609567901199998 0.08984375
1 0.570216049383 0.204833984375 0.034722222222199936 0.03564453125
1 0.4884259259259999 0.20751953125 0.037037037037000016 0.0322265625
1 0.484375 0.185546875 0.029706790123499947 0.025390625
1 0.52662037037 0.174072265625 0.024691358024699954 0.02587890625
1 0.494598765432 0.16552734375 0.027777777777800057 0.0244140625
1 0.555362654321 0.18212890625 0.023533950617299914 0.021484375
1 0.563078703704 0.16796875 0.026620370370400017 0.0185546875
1 0.407021604938 0.182861328125 0.03163580246910001 0.02783203125
1 0.35262345679 0.197265625 0.0702160493827 0.1015625
0 0.702739197531 0.574951171875 0.045910493827199965 0.13134765625
0 0.762924382716 0.74267578125 0.06751543209880008 0.189453125
0 0.8045910493829999 0.663330078125 0.044367283950600085 0.13427734375
