0 0.0833333333333 0.688425925926 0.040625 0.17500000000000002
0 0.200520833333 0.689814814815 0.028125 0.15
0 0.220572916667 0.7231481481480001 0.028645833333299998 0.17962962962999995
1 0.303125 0.8226851851850001 0.15833333333299998 0.33611111111100006
1 0.687760416667 0.9125000000000001 0.2328125 0.17314814814799995
1 0.899739583333 0.8703703703699999 0.1994791666669999 0.21481481481499998
1 0.426302083333 0.5629629629630001 0.1359375 0.20185185185200002
1 0.757552083333 0.677777777778 0.1953125 0.274074074074
1 0.609635416667 0.5125000000000001 0.1265625 0.16388888888900005
1 0.531510416667 0.405092592593 0.08802083333329999 0.125
1 0.41302083333299994 0.379166666667 0.075 0.12314814814800004
1 0.50546875 0.3375 0.06614583333329993 0.07870370370370003
1 0.46510416666699994 0.312962962963 0.05416666666669994 0.0777777777778
1 0.962239583333 0.406944444444 0.07447916666670006 0.08240740740740005
0 0.296354166667 0.382407407407 0.023958333333300056 0.09259259259259997
0 0.73203125 0.25648148148100003 0.011979166666700063 0.051851851851899985
0 0.644791666667 0.254166666667 0.0125 0.054629629629600024
0 0.670572916667 0.258796296296 0.011979166666700063 0.04537037037040003
0 0.677083333333 0.23750000000000002 0.009375 0.04722222222220001
0 0.633854166667 0.223148148148 0.010416666666700061 0.040740740740700006
1 0.4375 0.278703703704 0.03645833333330006 0.06296296296300002
1 0.422395833333 0.256944444444 0.03229166666669994 0.056481481481500014
1 0.402083333333 0.235185185185 0.029166666666699943 0.04814814814809999
1 0.365364583333 0.23194444444400003 0.028645833333300057 0.04537037037040003
1 0.388802083333 0.20787037037 0.025520833333299936 0.037962962963000016
1 0.334895833333 0.211111111111 0.021875 0.03703703703699999
1 0.376041666667 0.186111111111 0.022916666666699944 0.03333333333330002
1 0.49895833333299994 0.219907407407 0.03541666666670006 0.037962962963000016
1 0.459635416667 0.20648148148100004 0.028645833333300057 0.03703703703699999
1 0.44375 0.156944444444 0.017708333333299936 0.02870370370370002
1 0.427083333333 0.154166666667 0.014583333333300056 0.02314814814809999
0 0.554427083333 0.187037037037 0.0078125 0.035185185185199974
0 0.506510416667 0.17314814814800003 0.005729166666669982 0.024074074074100022
