1 0.06171875 0.55625 0.115625 0.20694444444399998
1 0.272265625 0.468055555556 0.14609375 0.17222222222200007
1 0.48750000000000004 0.590972222222 0.153125 0.17916666666699999
1 0.5300781250000001 0.842361111111 0.22421875000000002 0.29861111111099997
1 0.805859375 0.7840277777780001 0.24453125 0.26805555555600014
1 0.7332031250000001 0.532638888889 0.16171875000000002 0.1625
1 0.494921875 0.404861111111 0.16171875000000002 0.254166666667
1 0.3328125 0.24583333333300003 0.06875 0.07222222222219996
1 0.5671875000000001 0.242361111111 0.07187500000000001 0.06527777777779996
1 0.45429687500000004 0.238888888889 0.057031250000000006 0.05833333333330002
1 0.5281250000000001 0.204166666667 0.05625 0.05833333333330002
1 0.447265625 0.198611111111 0.04296875 0.044444444444399996
1 0.41015625 0.182638888889 0.037500000000000006 0.05416666666669998
1 0.34414062500000003 0.174305555556 0.04609375 0.045833333333300016
1 0.199609375 0.125 0.17734375000000002 0.075
1 0.38398437500000004 0.11319444444400001 0.13046875 0.09583333333330002
1 0.470703125 0.158333333333 0.039843750000000004 0.03333333333330002
