0 0.1749614197530864 0.879150390625 0.07368827160493827 0.21826171875
0 0.5268132716049383 0.4521484375 0.05054012345679012 0.126953125
0 0.3641975308641975 0.464111328125 0.044753086419753084 0.12353515625
0 0.29282407407407407 0.480224609375 0.03626543209876543 0.11572265625
0 0.7854938271604938 0.47119140625 0.033950617283950615 0.125
0 0.8016975308641975 0.40234375 0.03009259259259259 0.1005859375
0 0.9747299382716049 0.41845703125 0.03510802469135802 0.1025390625
0 0.5063657407407407 0.232421875 0.02662037037037037 0.0625
0 0.384645061728395 0.265869140625 0.027777777777777776 0.07470703125
0 0.8389274691358024 0.3017578125 0.03356481481481481 0.0791015625
1 0.46238425925925924 0.850341796875 0.20023148148148148 0.29150390625
0 0.8620756172839505 0.232177734375 0.01427469135802469 0.05224609375
1 0.7127700617283951 0.180419921875 0.04205246913580247 0.03564453125
1 0.8263888888888888 0.185546875 0.03317901234567901 0.0341796875
1 0.6456404320987654 0.166748046875 0.02970679012345679 0.03955078125
1 0.6413966049382716 0.146728515625 0.03356481481481481 0.04638671875
1 0.599537037037037 0.1416015625 0.02546296296296296 0.025390625
1 0.6660879629629629 0.1416015625 0.02353395061728395 0.025390625
1 0.6045524691358024 0.108154296875 0.016203703703703703 0.02001953125
1 0.6168981481481481 0.103515625 0.013888888888888888 0.0166015625
1 0.532986111111111 0.116455078125 0.03742283950617284 0.05419921875
0 0.49286265432098764 0.12890625 0.011959876543209876 0.02734375
1 0.4853395061728395 0.10498046875 0.019290123456790122 0.021484375
1 0.5563271604938271 0.086181640625 0.014660493827160493 0.01318359375
1 0.5931712962962963 0.08935546875 0.011959876543209876 0.01171875
1 0.5491898148148148 0.076904296875 0.015817901234567902 0.01806640625
