1 0.5690586419753086 0.793701171875 0.17978395061728394 0.27001953125
1 0.5455246913580246 0.43212890625 0.09876543209876543 0.111328125
1 0.6234567901234568 0.3642578125 0.08564814814814814 0.091796875
1 0.532986111111111 0.325439453125 0.06905864197530864 0.06884765625
1 0.880787037037037 0.903076171875 0.19598765432098764 0.19287109375
1 0.2725694444444444 0.637451171875 0.2835648148148148 0.61669921875
1 0.41801697530864196 0.2919921875 0.13927469135802467 0.23046875
1 0.5013503086419753 0.272216796875 0.05054012345679012 0.05029296875
1 0.5447530864197531 0.238525390625 0.043209876543209874 0.05029296875
1 0.5221836419753086 0.199462890625 0.03279320987654321 0.03955078125
1 0.6824845679012346 0.30712890625 0.07098765432098765 0.0751953125
1 0.7650462962962963 0.316162109375 0.07484567901234568 0.07763671875
1 0.8130787037037036 0.452880859375 0.11226851851851852 0.12841796875
1 0.8800154320987654 0.38037109375 0.10108024691358024 0.10546875
1 0.693287037037037 0.250732421875 0.0470679012345679 0.05322265625
1 0.9440586419753086 0.338134765625 0.07175925925925926 0.07177734375
1 0.814429012345679 0.26220703125 0.13194444444444445 0.140625
1 0.7417052469135802 0.237060546875 0.03125 0.04638671875
1 0.6165123456790124 0.224609375 0.04398148148148148 0.0400390625
1 0.7015817901234568 0.212646484375 0.03742283950617284 0.03076171875
1 0.6469907407407407 0.211181640625 0.03780864197530864 0.03369140625
1 0.5111882716049383 0.17333984375 0.023919753086419752 0.0234375
1 0.4704861111111111 0.168212890625 0.02507716049382716 0.02392578125
