1 0.24427083333333333 0.6847222222220001 0.20833333333333334 0.31018518518499993
1 0.4205729166666667 0.48009259259299997 0.1296875 0.18240740740700004
1 0.6734375 0.50787037037 0.08125 0.16574074074100006
1 0.5692708333333333 0.431018518519 0.08645833333333333 0.16203703703699998
1 0.46979166666666666 0.38287037037 0.078125 0.0935185185185
1 0.6700520833333333 0.391203703704 0.05677083333333333 0.09907407407409997
1 0.6091145833333333 0.31898148148100003 0.05260416666666667 0.08240740740740005
1 0.51875 0.329166666667 0.05625 0.07685185185189997
1 0.6815104166666667 0.329166666667 0.0453125 0.06944444444440002
1 0.5528645833333333 0.284722222222 0.0453125 0.06759259259259996
1 0.5692708333333333 0.256944444444 0.03854166666666667 0.054629629629600024
1 0.6208333333333333 0.268981481481 0.03958333333333333 0.05462962962960005
1 0.5885416666666666 0.23518518518500003 0.03125 0.046296296296300006
1 0.60234375 0.22037037037000004 0.025520833333333333 0.042592592592600016
1 0.6184895833333334 0.201851851852 0.024479166666666666 0.035185185185199974
1 0.6354166666666666 0.243055555556 0.028125 0.04537037037040003
1 0.675 0.221759259259 0.03125 0.037962962963000016
1 0.33984375 0.3625 0.09322916666666667 0.0842592592593
1 0.24140625 0.35833333333300005 0.08385416666666666 0.07962962962960006
1 0.5640625 0.17962962963 0.027083333333333334 0.03148148148150001
1 0.55703125 0.15509259259300004 0.0140625 0.025
1 0.5729166666666666 0.153703703704 0.015625 0.020370370370400005
0 0.39166666666666666 0.375925925926 0.021875 0.08888888888889994
0 0.7283854166666667 0.288425925926 0.0109375 0.05462962962960005
0 0.5002604166666667 0.167592592593 0.0078125 0.03148148148150001
0 0.47890625 0.181481481481 0.008854166666666666 0.02777777777779999
0 0.14010416666666667 0.319907407407 0.015625 0.06388888888890006
0 0.8018229166666666 0.8888888888890001 0.057812499999999996 0.19814814814800005
