1 0.4731867283950617 0.761962890625 0.17013888888888887 0.31298828125
1 0.23283179012345678 0.650390625 0.17708333333333331 0.208984375
1 0.5025077160493827 0.428466796875 0.10146604938271604 0.10986328125
1 0.5123456790123456 0.24169921875 0.06018518518518518 0.0927734375
1 0.7270447530864197 0.307373046875 0.08757716049382716 0.10009765625
1 0.6257716049382716 0.18603515625 0.033950617283950615 0.04296875
1 0.693287037037037 0.208251953125 0.04938271604938271 0.04345703125
1 0.6064814814814814 0.142822265625 0.027777777777777776 0.03271484375
1 0.6610725308641975 0.173095703125 0.03665123456790123 0.04443359375
1 0.5360725308641975 0.19189453125 0.03279320987654321 0.044921875
1 0.4708719135802469 0.222900390625 0.03742283950617284 0.04541015625
1 0.4724151234567901 0.181396484375 0.03742283950617284 0.04931640625
1 0.548611111111111 0.1513671875 0.03317901234567901 0.0419921875
1 0.4909336419753086 0.150634765625 0.028935185185185182 0.03369140625
1 0.5239197530864197 0.128173828125 0.023148148148148147 0.02587890625
1 0.5337577160493827 0.119384765625 0.02199074074074074 0.02197265625
1 0.5536265432098765 0.103759765625 0.014660493827160493 0.01904296875
1 0.5306712962962963 0.106201171875 0.017361111111111112 0.01611328125
1 0.5474537037037037 0.090576171875 0.011574074074074073 0.01513671875
1 0.564236111111111 0.074951171875 0.009645061728395061 0.01123046875
0 0.3508873456790123 0.190185546875 0.011959876543209876 0.04833984375
