1 0.514081790123 0.596923828125 0.12924382715999994 0.22119140625
1 0.33005401234599996 0.60302734375 0.15162037036999995 0.1875
1 0.506365740741 0.89697265625 0.22183641975300009 0.1982421875
1 0.23379629629599996 0.858642578125 0.255401234568 0.27490234375
1 0.722029320988 0.30322265625 0.13233024691400008 0.0791015625
1 0.485146604938 0.29248046875 0.11226851851899992 0.09765625
1 0.06269290123459999 0.445068359375 0.12538580246899997 0.13720703125
1 0.244791666667 0.2890625 0.06597222222220002 0.0615234375
1 0.308449074074 0.234375 0.055941358024699954 0.068359375
1 0.42689043209899996 0.255615234375 0.044367283950600085 0.04736328125
1 0.37403549382699997 0.21826171875 0.052854938271599976 0.07421875
1 0.43074845679 0.218017578125 0.0366512345679 0.04052734375
1 0.342592592593 0.214111328125 0.026234567901200004 0.04248046875
1 0.412808641975 0.19873046875 0.027777777777800057 0.03125
1 0.456211419753 0.195556640625 0.030478395061699973 0.03466796875
1 0.46836419753099995 0.179443359375 0.02854938271600008 0.03271484375
1 0.477430555556 0.167724609375 0.026620370370400017 0.02685546875
1 0.42727623456799996 0.181640625 0.02816358024690007 0.0263671875
1 0.4072145061729999 0.16650390625 0.025077160493799964 0.0234375
1 0.47646604938299997 0.131103515625 0.015432098765399992 0.01513671875
1 0.532986111111 0.15283203125 0.02121913580250001 0.0234375
1 0.533564814815 0.126708984375 0.013888888888899942 0.01904296875
1 0.5605709876539999 0.12109375 0.014660493827199968 0.0185546875
1 0.436535493827 0.17431640625 0.023533950617299914 0.0224609375
1 0.390625 0.18505859375 0.026620370370400017 0.0244140625
0 0.875771604938 0.228515625 0.014660493827200144 0.0498046875
