1 0.13229166666666667 0.813425925926 0.253125 0.34537037036999996
1 0.465625 0.714351851852 0.17604166666666665 0.3472222222220001
1 0.665625 0.693981481481 0.12708333333333333 0.2638888888890001
1 0.3528645833333333 0.571296296296 0.1609375 0.231481481481
1 0.42578125 0.448611111111 0.09635416666666667 0.12314814814800004
1 0.66171875 0.45462962963 0.0703125 0.137037037037
1 0.58203125 0.3856481481480001 0.0734375 0.11388888888900005
1 0.49635416666666665 0.363425925926 0.065625 0.0935185185185
1 0.6828125 0.372222222222 0.059375 0.10185185185199996
1 0.36484375 0.2791666666670001 0.0640625 0.06759259259259996
1 0.03828125 0.405092592593 0.07447916666666667 0.08796296296300002
1 0.5125 0.22592592592600003 0.035416666666666666 0.04814814814809999
1 0.5572916666666666 0.156018518519 0.01875 0.036111111111100005
1 0.57578125 0.156944444444 0.0171875 0.030555555555600033
0 0.2109375 0.43981481481500007 0.025 0.10185185185199996
0 0.09192708333333333 0.340277777778 0.0203125 0.06944444444440002
0 0.4622395833333333 0.183333333333 0.008854166666666666 0.03518518518520003
0 0.4770833333333333 0.182407407407 0.008333333333333333 0.029629629629599998
0 0.49765624999999997 0.16944444444400003 0.008854166666666666 0.029629629629599998
1 0.6140625 0.287962962963 0.04583333333333333 0.06481481481479998
1 0.53828125 0.30740740740700007 0.05364583333333333 0.07222222222220001
1 0.56171875 0.266203703704 0.04114583333333333 0.056481481481500014
1 0.5848958333333333 0.235185185185 0.036458333333333336 0.04814814814809999
1 0.6013020833333333 0.219907407407 0.028645833333333332 0.0398148148148
1 0.63515625 0.248611111111 0.0359375 0.04722222222220001
1 0.6328125 0.219907407407 0.026041666666666668 0.0398148148148
1 0.61796875 0.199074074074 0.025520833333333333 0.03148148148150001
1 0.6747395833333333 0.218518518519 0.027604166666666666 0.029629629629599998
