1 0.31484375 0.905092592593 0.1390625 0.18796296296300002
1 0.641145833333 0.924074074074 0.1989583333330001 0.15
1 0.95078125 0.962037037037 0.09322916666670006 0.07407407407410008
1 0.764322916667 0.7513888888890001 0.2151041666669999 0.2972222222219999
1 0.47265625 0.626851851852 0.1421875 0.2407407407409999
1 0.307552083333 0.654166666667 0.13385416666700004 0.28611111111099996
1 0.674739583333 0.517592592593 0.1838541666669999 0.18888888888900005
1 0.562760416667 0.418518518519 0.09427083333329994 0.14074074074099996
1 0.323697916667 0.47638888888899994 0.07760416666669995 0.13240740740700002
1 0.42890625 0.441666666667 0.09114583333329994 0.14814814814800004
1 0.456770833333 0.370833333333 0.09895833333330005 0.11203703703699999
1 0.497395833333 0.343055555556 0.060416666666699946 0.08240740740740005
1 0.465885416667 0.305555555556 0.047395833333299935 0.06111111111109996
1 0.33125 0.3856481481480001 0.05833333333329994 0.08240740740740005
1 0.326822916667 0.328703703704 0.0453125 0.06481481481479998
1 0.319791666667 0.3027777777780001 0.046875 0.05185185185189996
1 0.40078125 0.32685185185200005 0.04635416666670006 0.08518518518520003
1 0.377604166667 0.298611111111 0.04166666666669994 0.06944444444440002
1 0.380208333333 0.261111111111 0.03645833333330006 0.046296296296299985
1 0.443229166667 0.276851851852 0.04270833333329994 0.05370370370370002
1 0.428385416667 0.253703703704 0.03802083333330006 0.05
1 0.412239583333 0.22962962963000003 0.028645833333300057 0.040740740740700006
1 0.36328125 0.239814814815 0.024479166666699942 0.03888888888890002
1 0.397916666667 0.22037037037 0.028125 0.04074074074069998
1 0.3375 0.236111111111 0.03125 0.040740740740700006
1 0.33229166666699994 0.218518518519 0.025 0.03148148148150001
1 0.38046875 0.20046296296300004 0.022395833333300055 0.03240740740739999
1 0.34453125 0.20601851851900002 0.024479166666699942 0.026851851851900012
0 0.2890625 0.285185185185 0.009375 0.05370370370370002
0 0.41328125 0.27592592592600007 0.011979166666699943 0.04259259259259996
0 0.5234375 0.179166666667 0.007291666666669983 0.02870370370370002
0 0.482291666667 0.177314814815 0.008333333333330018 0.030555555555600033
0 0.484375 0.15972222222200003 0.00625 0.02314814814809999
0 0.873958333333 0.331481481481 0.013541666666700062 0.06296296296300002
0 0.884895833333 0.329166666667 0.011458333333299937 0.06388888888889994
0 0.89921875 0.330555555556 0.011979166666700063 0.06666666666670004
0 0.11875 0.498611111111 0.021875 0.11944444444400001
0 0.145572916667 0.49490740740700007 0.0234375 0.12129629629600003
0 0.16640625 0.48888888888900006 0.024479166666700004 0.11851851851900001
1 0.44557291666699994 0.17870370370400002 0.0203125 0.029629629629599998
1 0.427864583333 0.154166666667 0.015104166666699944 0.025
1 0.444791666667 0.156481481481 0.016666666666699942 0.029629629629599998
1 0.8299479166669999 0.376851851852 0.10781249999999999 0.10370370370400003
1 0.96328125 0.408333333333 0.07239583333329994 0.08148148148150001
