1 0.354106104651 0.72803442029 0.17405523255800004 0.249547101449
1 0.428052325581 0.554574275362 0.13880813953500004 0.15625
1 0.47074854651199993 0.449954710145 0.11664244185999996 0.12817028985500006
1 0.640443313953 0.55321557971 0.14280523255800007 0.17164855072499996
1 0.813953488372 0.8451086956520001 0.22674418604700008 0.2500000000000001
1 0.922238372093 0.656023550725 0.15479651162799984 0.18432971014500005
1 0.650436046512 0.44157608695700007 0.11555232558099993 0.10778985507200001
1 0.689861918605 0.374547101449 0.08902616279069998 0.07971014492749999
1 0.664789244186 0.313179347826 0.07376453488369994 0.07653985507250002
1 0.753815406977 0.283061594203 0.056322674418600026 0.0625
1 0.474382267442 0.389039855072 0.08393895348840001 0.06884057971010003
1 0.557049418605 0.337635869565 0.09883720930229997 0.11548913043499999
