1 0.242091049383 0.865478515625 0.26273148148100006 0.26708984375
1 0.42824074074099994 0.374267578125 0.08101851851850005 0.09912109375
1 0.49170524691399997 0.252197265625 0.04128086419749998 0.05322265625
0 0.138888888889 0.255859375 0.012345679012300019 0.033203125
1 0.27025462963 0.284423828125 0.06134259259259996 0.06201171875
1 0.42148919753099995 0.2392578125 0.044367283950600085 0.0478515625
1 0.43460648148099995 0.21875 0.03896604938270008 0.0458984375
1 0.389853395062 0.188720703125 0.03510802469140004 0.03271484375
1 0.463348765432 0.186279296875 0.030864197530899987 0.03759765625
1 0.4259259259259999 0.166015625 0.02700617283950003 0.03125
1 0.47125771604899996 0.164794921875 0.02430555555559994 0.02294921875
1 0.490547839506 0.143310546875 0.018904320987699934 0.01806640625
1 0.46084104938299997 0.154541015625 0.022762345679000064 0.02392578125
1 0.506172839506 0.125 0.012345679012300064 0.0166015625
1 0.512924382716 0.20751953125 0.02816358024690007 0.033203125
1 0.517361111111 0.1806640625 0.024691358024699954 0.0234375
1 0.5246913580249999 0.160400390625 0.021604938271600024 0.02392578125
1 0.528742283951 0.141845703125 0.01504629629629998 0.01708984375
1 0.535108024691 0.12060546875 0.016203703703700018 0.0234375
1 0.55574845679 0.138427734375 0.027391975308600044 0.04833984375
0 0.687114197531 0.2685546875 0.015432098765399992 0.056640625
0 0.731867283951 0.271728515625 0.019290123456799948 0.05908203125
1 0.558641975309 0.3134765625 0.114969135802 0.2294921875
