1 0.527777777778 0.591064453125 0.13271604938300008 0.22119140625
1 0.33005401234600007 0.625244140625 0.16628086419800003 0.18017578125
1 0.49421296296299994 0.858642578125 0.1952160493829999 0.27783203125
1 0.20254629629599996 0.945068359375 0.24382716049399997 0.10888671875
0 0.9317129629629999 0.475830078125 0.04089506172839997 0.12548828125
0 0.5237268518519999 0.303955078125 0.025077160493799964 0.06884765625
1 0.06616512345679999 0.416259765625 0.130015432099 0.16748046875
1 0.677469135802 0.310302734375 0.13503086419799998 0.07275390625
1 0.8263888888889999 0.248779296875 0.10262345678999994 0.05029296875
0 0.7282021604939999 0.269287109375 0.015817901234600005 0.05712890625
0 0.655285493827 0.2607421875 0.018132716049400085 0.048828125
0 0.481867283951 0.254638671875 0.015432098765399992 0.05810546875
0 0.589891975309 0.206787109375 0.013888888888899942 0.03662109375
0 0.570023148148 0.143310546875 0.008873456790119947 0.02587890625
1 0.447530864198 0.272216796875 0.06867283950620003 0.06201171875
1 0.344328703704 0.25439453125 0.04899691358019998 0.05078125
1 0.41724537037 0.24267578125 0.042824074074100035 0.046875
1 0.38368055555599995 0.2236328125 0.03819444444439997 0.0361328125
1 0.4419367283949999 0.208984375 0.0366512345679 0.04296875
1 0.41512345679 0.197509765625 0.030864197530899987 0.03759765625
1 0.39699074074099994 0.18603515625 0.02854938271600004 0.0322265625
1 0.448688271605 0.1728515625 0.030864197530899987 0.02734375
1 0.451774691358 0.158203125 0.024691358024699954 0.0185546875
1 0.55825617284 0.21484375 0.05246913580250001 0.0458984375
1 0.543209876543 0.151611328125 0.019290123456799948 0.02490234375
1 0.534143518519 0.1416015625 0.017361111111100058 0.017578125
1 0.488233024691 0.115966796875 0.02121913580250001 0.02978515625
1 0.512924382716 0.120849609375 0.01504629629629998 0.01416015625
