1 0.43094135802499994 0.793701171875 0.17978395061700003 0.27001953125
1 0.4544753086419999 0.43212890625 0.09876543209879998 0.111328125
1 0.376543209877 0.3642578125 0.08564814814809998 0.091796875
1 0.4670138888889999 0.325439453125 0.06905864197530004 0.06884765625
1 0.11959876543199999 0.903076171875 0.19598765432099996 0.19287109375
1 0.727430555556 0.637451171875 0.2835648148149999 0.61669921875
1 0.582175925926 0.2919921875 0.13966049382699997 0.23046875
1 0.499035493827 0.272216796875 0.050540123456799944 0.05029296875
1 0.45563271604899996 0.238525390625 0.04320987654320005 0.05029296875
1 0.47781635802499994 0.199462890625 0.03279320987650005 0.03955078125
1 0.31751543209899996 0.30712890625 0.07098765432100002 0.0751953125
1 0.234953703704 0.316162109375 0.07484567901229998 0.07763671875
1 0.18730709876499999 0.452880859375 0.11226851851899997 0.12841796875
1 0.12037037036999998 0.38037109375 0.10108024691399999 0.10546875
1 0.306712962963 0.250732421875 0.0470679012346 0.05322265625
1 0.056327160493799995 0.338134765625 0.0717592592593 0.07177734375
1 0.18595679012299998 0.26220703125 0.131944444444 0.140625
1 0.258487654321 0.237060546875 0.03163580246910001 0.04638671875
1 0.383487654321 0.224609375 0.04398148148150003 0.0400390625
1 0.298418209877 0.212646484375 0.03742283950620003 0.03076171875
1 0.353395061728 0.211181640625 0.037808641975299956 0.03369140625
1 0.489197530864 0.17333984375 0.023919753086399927 0.0234375
1 0.5295138888889999 0.168212890625 0.025077160493799964 0.02392578125
