1 0.29713541666699994 0.8435185185190001 0.1765625 0.3111111111110001
1 0.48046875 0.6768518518520001 0.17447916666699997 0.26111111111099994
1 0.320833333333 0.64212962963 0.10729166666700003 0.2212962962960001
1 0.75234375 0.68287037037 0.1911458333330001 0.267592592593
1 0.9046875 0.8796296296300001 0.1895833333330001 0.22962962962999997
1 0.611458333333 0.512037037037 0.1322916666669999 0.17037037037000005
1 0.44036458333299994 0.447222222222 0.0921875 0.14814814814800004
1 0.5375 0.4203703703700001 0.09375 0.12962962962999997
1 0.34010416666699994 0.406944444444 0.071875 0.11018518518500003
1 0.40390624999999997 0.375 0.06927083333329993 0.09629629629629999
1 0.49453125 0.35462962963 0.06614583333329993 0.09444444444440002
1 0.309895833333 0.349537037037 0.053125 0.08240740740740005
1 0.378645833333 0.327314814815 0.046875 0.07129629629629998
1 0.46640624999999997 0.308796296296 0.04635416666670006 0.075
1 0.45338541666699994 0.274537037037 0.04635416666669994 0.06203703703699998
0 0.6234375 0.386574074074 0.02916666666670006 0.09722222222220002
0 0.267708333333 0.44583333333299996 0.027083333333300028 0.113888888889
0 0.827083333333 0.32638888888900003 0.019791666666700063 0.07129629629629998
0 0.861458333333 0.325462962963 0.017708333333299936 0.075
0 0.883072916667 0.325462962963 0.0203125 0.06759259259259996
0 0.945572916667 0.35000000000000003 0.0140625 0.07037037037040006
0 0.959635416667 0.361111111111 0.0140625 0.05370370370370002
1 0.92421875 0.49074074074100005 0.1421875 0.14629629629600002
1 0.962239583333 0.406481481481 0.07447916666670006 0.07962962962960006
1 0.37578125 0.278240740741 0.041145833333299936 0.06018518518520003
1 0.31171875 0.29583333333300005 0.041145833333299936 0.05277777777779999
1 0.429166666667 0.26018518518500006 0.035416666666699945 0.06111111111109998
1 0.41640625 0.24444444444399996 0.031770833333299935 0.04814814814810002
1 0.36015625 0.251388888889 0.030729166666699944 0.04351851851849999
1 0.403125 0.22962962963000003 0.03125 0.040740740740700006
1 0.395052083333 0.21203703703700003 0.022395833333300055 0.03148148148150001
1 0.35625 0.231018518519 0.02916666666670006 0.030555555555600033
1 0.362760416667 0.209259259259 0.03177083333330005 0.029629629629599998
1 0.361197916667 0.185648148148 0.0171875 0.025
1 0.324739583333 0.21203703703700003 0.0234375 0.029629629629599998
1 0.46249999999999997 0.185648148148 0.025 0.030555555555599977
1 0.433333333333 0.184259259259 0.023958333333300056 0.02777777777779999
1 0.444010416667 0.157407407407 0.016145833333300056 0.02592592592589998
1 0.426822916667 0.154166666667 0.0171875 0.02314814814809999
1 0.382552083333 0.18055555555600003 0.0296875 0.024074074074100022
