1 0.505989583333 0.7745370370370002 0.15677083333299996 0.3472222222220001
1 0.72421875 0.756481481481 0.22343749999999998 0.32407407407399996
1 0.419010416667 0.44444444444400005 0.08697916666670007 0.17407407407399997
1 0.421875 0.298611111111 0.048958333333299936 0.07129629629629998
1 0.358854166667 0.265740740741 0.033333333333300054 0.05555555555559998
1 0.313020833333 0.226388888889 0.026041666666699943 0.0342592592593
1 0.372395833333 0.230555555556 0.03229166666669994 0.046296296296299985
1 0.34921875 0.20833333333300003 0.0296875 0.03703703703699999
1 0.388802083333 0.20462962963 0.0328125 0.040740740740700006
1 0.461458333333 0.20416666666700004 0.030208333333300055 0.036111111111100005
1 0.427864583333 0.15324074074100003 0.015104166666699944 0.019444444444400022
1 0.440885416667 0.15324074074100003 0.015104166666699944 0.02314814814809999
1 0.451822916667 0.165277777778 0.0171875 0.02129629629629998
0 0.346354166667 0.530555555556 0.030208333333300055 0.14074074074099996
0 0.740364583333 0.26712962963 0.013020833333299937 0.058333333333299965
0 0.628385416667 0.22037037037000004 0.0109375 0.0388888888889
0 0.54140625 0.18888888888900002 0.0078125 0.03333333333330002
