1 0.4857253086419753 0.508544921875 0.13271604938271603 0.22705078125
1 0.3792438271604938 0.303955078125 0.15432098765432098 0.21826171875
1 0.50366512345679 0.287109375 0.06751543209876543 0.083984375
1 0.14814814814814814 0.72607421875 0.29552469135802467 0.54296875
1 0.7635030864197531 0.379638671875 0.11265432098765432 0.10986328125
1 0.7214506172839505 0.249755859375 0.05941358024691358 0.06396484375
1 0.6383101851851851 0.219970703125 0.04822530864197531 0.07177734375
0 0.8678626543209876 0.33154296875 0.02662037037037037 0.0751953125
0 0.9893904320987654 0.38427734375 0.021219135802469133 0.0947265625
1 0.8254243827160493 0.185546875 0.03279320987654321 0.03125
1 0.6793981481481481 0.205322265625 0.04089506172839506 0.04345703125
1 0.657986111111111 0.173583984375 0.03279320987654321 0.03076171875
1 0.642361111111111 0.1591796875 0.02700617283950617 0.0244140625
1 0.5455246913580246 0.208984375 0.0470679012345679 0.0478515625
1 0.5428240740740741 0.16796875 0.032407407407407406 0.0341796875
1 0.5154320987654321 0.155029296875 0.027777777777777776 0.02978515625
1 0.462770061728395 0.182861328125 0.0775462962962963 0.11279296875
1 0.5322145061728395 0.135009765625 0.02507716049382716 0.02197265625
1 0.5376157407407407 0.125732421875 0.019675925925925923 0.02294921875
1 0.550733024691358 0.11767578125 0.018132716049382713 0.0205078125
1 0.4857253086419753 0.104736328125 0.016975308641975308 0.02197265625
1 0.566358024691358 0.10791015625 0.013888888888888888 0.0185546875
1 0.5991512345679012 0.1484375 0.02546296296296296 0.033203125
1 0.5949074074074073 0.12890625 0.034722222222222224 0.037109375
1 0.6302083333333333 0.138916015625 0.02353395061728395 0.02783203125
1 0.6541280864197531 0.12109375 0.0320216049382716 0.0498046875
1 0.505787037037037 0.10009765625 0.022376543209876542 0.021484375
