1 0.6051962209302325 0.676403985507 0.15806686046511628 0.17527173913000002
1 0.3397529069767442 0.631114130435 0.17296511627906977 0.17164855072499996
1 0.07721656976744186 0.628170289855 0.1537063953488372 0.1748188405799999
1 0.4980014534883721 0.42730978260899993 0.11664244186046512 0.11367753623199996
1 0.37990552325581395 0.46240942029 0.11010174418604651 0.13134057970999993
1 0.0806686046511628 0.445199275362 0.10901162790697674 0.09692028985509996
1 0.13154069767441862 0.349411231884 0.09302325581395349 0.07653985507250002
1 0.45675872093023256 0.35009057971 0.09156976744186046 0.06884057971010003
1 0.37082122093023256 0.300045289855 0.06795058139534883 0.07472826086960002
1 0.3112281976744186 0.86231884058 0.27434593023255816 0.2309782608700001
1 0.3199491279069767 0.39696557971 0.08030523255813954 0.06567028985509996
0 0.7265625 0.45652173913 0.03888081395348837 0.11231884057999998
1 0.2930595930232558 0.331295289855 0.07013081395348837 0.06204710144929997
