0 0.7853125 0.29625 0.059375000000000004 0.21416666666699996
0 0.7953125 0.03875 0.038125 0.0775
1 0.5825 0.135833333333 0.125 0.165
1 0.469375 0.06375 0.10875 0.110833333333
1 0.6634375 0.0483333333333 0.109375 0.0966666666667
1 0.9775 0.110416666667 0.045 0.14249999999999996
1 0.9606250000000001 0.0691666666667 0.07875 0.138333333333
1 0.0309375 0.12625 0.060625 0.120833333333
1 0.051562500000000004 0.0625 0.091875 0.11666666666700001
1 0.1140625 0.0658333333333 0.051875000000000004 0.10500000000000001
