1 0.46468750000000003 0.3695833333330001 0.195625 0.32750000000000007
1 0.6359375 0.12916666666700002 0.13562499999999994 0.14500000000000002
1 0.2546875 0.22291666666700002 0.164375 0.19416666666700005
1 0.381875 0.09125000000000001 0.11750000000000001 0.1375
0 0.1078125 0.10500000000000001 0.039375 0.118333333333
1 0.0203125 0.11916666666700002 0.040625 0.13333333333300001
1 0.04 0.0675 0.08 0.135
1 0.9753125 0.1275 0.048125 0.11166666666700001
1 0.945625 0.06833333333330001 0.09375 0.136666666667
1 0.8871875 0.0670833333333 0.059375000000000004 0.10750000000000001
