1 0.486304012345679 0.596923828125 0.12924382716049382 0.22119140625
1 0.6699459876543209 0.60302734375 0.15162037037037035 0.1875
1 0.49363425925925924 0.89697265625 0.2218364197530864 0.1982421875
1 0.7665895061728395 0.858642578125 0.2554012345679012 0.27490234375
1 0.2779706790123457 0.30322265625 0.13233024691358025 0.0791015625
1 0.5152391975308642 0.29248046875 0.11226851851851852 0.09765625
1 0.9375 0.445068359375 0.125 0.13720703125
1 0.7552083333333333 0.2890625 0.06597222222222222 0.0615234375
1 0.6919367283950617 0.234375 0.05594135802469136 0.068359375
1 0.5731095679012346 0.255615234375 0.04436728395061728 0.04736328125
1 0.6263503086419753 0.21826171875 0.05285493827160494 0.07421875
1 0.5696373456790124 0.218017578125 0.03665123456790123 0.04052734375
1 0.6574074074074073 0.214111328125 0.026234567901234566 0.04248046875
1 0.5875771604938271 0.19873046875 0.027777777777777776 0.03125
1 0.5441743827160493 0.195556640625 0.03047839506172839 0.03466796875
1 0.5316358024691358 0.179443359375 0.02854938271604938 0.03271484375
1 0.5225694444444444 0.167724609375 0.02662037037037037 0.02685546875
1 0.5727237654320987 0.181640625 0.02816358024691358 0.0263671875
1 0.5927854938271605 0.16650390625 0.02507716049382716 0.0234375
1 0.5235339506172839 0.131103515625 0.015432098765432098 0.01513671875
1 0.46739969135802467 0.15283203125 0.021219135802469133 0.0234375
1 0.4664351851851852 0.126708984375 0.013888888888888888 0.01904296875
1 0.43981481481481477 0.12109375 0.014660493827160493 0.0185546875
1 0.5638503086419753 0.17431640625 0.02353395061728395 0.0224609375
1 0.6095679012345678 0.18505859375 0.02700617283950617 0.0244140625
0 0.1246141975308642 0.228515625 0.014660493827160493 0.0498046875
