1 0.3020833333333333 0.725830078125 0.18055555555555555 0.21044921875
1 0.5499614197530864 0.851806640625 0.19637345679012344 0.27587890625
1 0.5081018518518519 0.496337890625 0.10493827160493827 0.12646484375
1 0.7199074074074073 0.582275390625 0.16280864197530864 0.16748046875
1 0.613233024691358 0.396484375 0.08680555555555555 0.1005859375
1 0.5200617283950617 0.33154296875 0.06635802469135801 0.078125
1 0.5626929012345678 0.284912109375 0.05054012345679012 0.06103515625
1 0.8746141975308641 0.489501953125 0.14814814814814814 0.15283203125
1 0.675733024691358 0.298828125 0.06520061728395062 0.0703125
1 0.7771990740740741 0.3056640625 0.07214506172839506 0.068359375
1 0.863233024691358 0.364501953125 0.09297839506172839 0.08837890625
1 0.37905092592592593 0.34912109375 0.16010802469135801 0.30859375
1 0.7995756172839505 0.263427734375 0.06751543209876543 0.05419921875
1 0.6828703703703703 0.23828125 0.047839506172839504 0.0615234375
1 0.6236496913580246 0.238525390625 0.04513888888888889 0.05029296875
1 0.47897376543209874 0.248291015625 0.03973765432098765 0.04638671875
1 0.5466820987654321 0.224609375 0.03626543209876543 0.0419921875
1 0.5285493827160493 0.198974609375 0.035493827160493825 0.03173828125
1 0.4845679012345679 0.220703125 0.03626543209876543 0.029296875
1 0.8802083333333333 0.31201171875 0.0945216049382716 0.0654296875
1 0.8616898148148148 0.250244140625 0.04899691358024691 0.05712890625
1 0.7212577160493827 0.205810546875 0.07445987654320987 0.10595703125
