1 0.4697145061728395 0.596923828125 0.1408179012345679 0.22412109375
1 0.5067515432098765 0.862548828125 0.189429012345679 0.26416015625
1 0.6716820987654321 0.623046875 0.16280864197530864 0.1845703125
1 0.7924382716049382 0.945068359375 0.26157407407407407 0.10888671875
1 0.9683641975308641 0.5390625 0.06327160493827161 0.1689453125
0 0.07156635802469136 0.477783203125 0.03742283950617284 0.13916015625
1 0.7818287037037036 0.301025390625 0.07445987654320987 0.08349609375
1 0.5358796296296297 0.30712890625 0.11342592592592592 0.0751953125
1 0.6365740740740741 0.277099609375 0.051697530864197525 0.06103515625
1 0.37384259259259256 0.306640625 0.1412037037037037 0.0712890625
1 0.16550925925925924 0.330810546875 0.16203703703703703 0.09619140625
0 0.3325617283950617 0.26220703125 0.017746913580246913 0.0517578125
0 0.5187114197530864 0.251953125 0.015817901234567902 0.052734375
1 0.5711805555555555 0.243896484375 0.05054012345679012 0.06787109375
1 0.6257716049382716 0.225830078125 0.044753086419753084 0.04931640625
0 0.5962577160493827 0.2041015625 0.01273148148148148 0.0361328125
1 0.6282793209876543 0.19287109375 0.03819444444444444 0.044921875
1 0.5422453703703703 0.1982421875 0.03510802469135802 0.0380859375
1 0.3923611111111111 0.217529296875 0.05709876543209876 0.04345703125
1 0.4535108024691358 0.193359375 0.03587962962962963 0.033203125
0 0.41608796296296297 0.17431640625 0.011959876543209876 0.033203125
1 0.5611496913580246 0.1640625 0.02353395061728395 0.021484375
1 0.5219907407407407 0.16357421875 0.020833333333333332 0.029296875
1 0.5356867283950617 0.180908203125 0.02662037037037037 0.02490234375
1 0.5081018518518519 0.143798828125 0.018518518518518517 0.01611328125
1 0.5044367283950617 0.131103515625 0.017361111111111112 0.01513671875
1 0.5393518518518519 0.152099609375 0.019290123456790122 0.01806640625
1 0.45968364197530864 0.116455078125 0.01273148148148148 0.01416015625
1 0.49594907407407407 0.10498046875 0.018132716049382713 0.025390625
