1 0.8441406250000001 0.903472222222 0.26484375 0.19027777777800012
1 0.2 0.565972222222 0.19843750000000002 0.23472222222200007
1 0.472265625 0.490277777778 0.17421875 0.3138888888890001
1 0.3765625 0.265972222222 0.09531250000000001 0.10138888888899998
1 0.61328125 0.297916666667 0.084375 0.09583333333330002
1 0.47578125000000004 0.329166666667 0.09062500000000001 0.07777777777780004
1 0.512109375 0.271527777778 0.07265625 0.0819444444444
1 0.468359375 0.218055555556 0.06796875000000001 0.08333333333330002
1 0.5359375000000001 0.1875 0.046875 0.06666666666669999
1 0.61328125 0.202777777778 0.0546875 0.06388888888890003
1 0.6875 0.178472222222 0.0546875 0.0569444444444
1 0.855078125 0.3722222222220001 0.24921875000000002 0.322222222222
1 0.71015625 0.272916666667 0.0578125 0.09305555555560001
1 0.6937500000000001 0.234027777778 0.0390625 0.07916666666669998
1 0.16875 0.254861111111 0.16562500000000002 0.09305555555560001
1 0.21171875 0.229166666667 0.14375000000000002 0.08333333333330002
1 0.59296875 0.131944444444 0.07500000000000001 0.044444444444399996
1 0.48515625 0.126388888889 0.06875 0.0722222222222
1 0.6921875000000001 0.1125 0.1453125 0.08333333333330001
0 0.883984375 0.20138888888900003 0.017968750000000002 0.06388888888890003
0 0.82578125 0.206944444444 0.0171875 0.06111111111109998
0 0.9203125000000001 0.191666666667 0.015625 0.052777777777800024
0 0.9421875000000001 0.225694444444 0.0234375 0.07083333333330002
1 0.966796875 0.190972222222 0.05859375 0.05972222222219998
0 0.9773437500000001 0.222222222222 0.018750000000000003 0.06111111111109998
