1 0.3421875 0.804166666667 0.14791666666700004 0.3305555555560001
1 0.605729166667 0.8337962962960002 0.240625 0.3305555555560001
1 0.66953125 0.569444444444 0.1661458333330001 0.23518518518499998
1 0.901302083333 0.8370370370370002 0.1963541666669999 0.31851851851900004
1 0.519010416667 0.419444444444 0.11302083333299996 0.13888888888899995
1 0.326041666667 0.43611111111100004 0.06979166666670006 0.12592592592599994
1 0.40546875 0.35046296296300006 0.06197916666670006 0.11388888888900005
1 0.325520833333 0.348611111111 0.04583333333330006 0.06388888888889994
1 0.319791666667 0.3027777777780001 0.04583333333330006 0.05370370370370002
1 0.46901041666699994 0.312037037037 0.0515625 0.07222222222220001
1 0.500520833333 0.342592592593 0.06979166666669995 0.0592592592593
1 0.380989583333 0.298611111111 0.0484375 0.06574074074070001
1 0.44427083333299994 0.277777777778 0.04270833333329994 0.05740740740740004
1 0.427083333333 0.25555555555600007 0.03645833333330006 0.051851851851899985
1 0.41171874999999997 0.23425925925899999 0.030729166666699944 0.044444444444399996
1 0.378385416667 0.260648148148 0.03802083333330006 0.04166666666670004
1 0.365885416667 0.24259259259300003 0.03177083333330005 0.04444444444440002
1 0.39765625 0.223148148148 0.0265625 0.040740740740700006
1 0.381770833333 0.2 0.022916666666699944 0.03148148148150001
1 0.468489583333 0.186111111111 0.03177083333330005 0.03518518518520003
1 0.443489583333 0.15787037037 0.0203125 0.030555555555600033
1 0.427604166667 0.15509259259300004 0.014583333333300056 0.02129629629629998
0 0.496875 0.168518518519 0.007291666666669983 0.029629629629599998
0 0.521875 0.181481481481 0.007291666666669983 0.029629629629599998
0 0.5265625 0.177777777778 0.008333333333330018 0.029629629629599998
0 0.285677083333 0.284259259259 0.011979166666699943 0.05185185185189996
1 0.325520833333 0.215277777778 0.027083333333300055 0.030555555555599977
0 0.236458333333 0.5861111111110001 0.03125 0.16296296296300003
1 0.941666666667 0.452314814815 0.11562499999999999 0.09722222222220002
1 0.9601562499999999 0.39722222222200004 0.07864583333329994 0.0685185185185
0 0.8169270833329999 0.303703703704 0.01822916666670006 0.06666666666670004
0 0.0661458333333 0.797222222222 0.046875 0.19814814814799994
0 0.0296875 0.8259259259260001 0.04375 0.17592592592600004
0 0.541927083333 0.33842592592600007 0.022395833333299996 0.08055555555559998
