1 0.9382812500000001 0.55625 0.115625 0.20694444444399998
1 0.727734375 0.468055555556 0.14609375 0.17222222222200007
1 0.5125000000000001 0.590972222222 0.153125 0.17916666666699999
1 0.46992187500000004 0.842361111111 0.22421875000000002 0.29861111111099997
1 0.194140625 0.7840277777780001 0.24453125 0.26805555555600014
1 0.266796875 0.532638888889 0.16171875000000002 0.1625
1 0.505078125 0.404861111111 0.16171875000000002 0.254166666667
1 0.6671875 0.24583333333300003 0.06875 0.07222222222219996
1 0.43281250000000004 0.242361111111 0.07187500000000001 0.06527777777779996
1 0.5457031250000001 0.238888888889 0.057031250000000006 0.05833333333330002
1 0.47187500000000004 0.204166666667 0.05625 0.05833333333330002
1 0.552734375 0.198611111111 0.04296875 0.044444444444399996
1 0.58984375 0.182638888889 0.037500000000000006 0.05416666666669998
1 0.655859375 0.174305555556 0.04609375 0.045833333333300016
1 0.800390625 0.125 0.17734375000000002 0.075
1 0.6160156250000001 0.11319444444400001 0.13046875 0.09583333333330002
1 0.529296875 0.158333333333 0.039843750000000004 0.03333333333330002
