1 0.43827160493827155 0.849853515625 0.2222222222222222 0.29931640625
1 0.48032407407407407 0.470458984375 0.1111111111111111 0.15087890625
1 0.3792438271604938 0.371826171875 0.09645061728395062 0.13720703125
1 0.7065972222222222 0.419189453125 0.10995370370370369 0.11865234375
1 0.8125 0.336669921875 0.11574074074074073 0.08544921875
1 0.9326774691358024 0.2841796875 0.09375 0.0869140625
1 0.5347222222222222 0.298583984375 0.07716049382716049 0.08251953125
1 0.44675925925925924 0.2216796875 0.1087962962962963 0.1572265625
1 0.5314429012345678 0.19482421875 0.04128086419753086 0.0458984375
0 0.3782793209876543 0.24072265625 0.028935185185185182 0.0703125
1 0.8260030864197531 0.1865234375 0.035493827160493825 0.0322265625
1 0.6066743827160493 0.170654296875 0.03279320987654321 0.03662109375
1 0.6535493827160493 0.179443359375 0.029320987654320986 0.03466796875
1 0.6954089506172839 0.166748046875 0.02970679012345679 0.02880859375
1 0.6743827160493827 0.141845703125 0.02700617283950617 0.03369140625
1 0.646412037037037 0.163330078125 0.025848765432098762 0.02880859375
1 0.6402391975308641 0.1494140625 0.02507716049382716 0.029296875
1 0.6257716049382716 0.135986328125 0.021604938271604937 0.03076171875
1 0.5960648148148148 0.12841796875 0.029320987654320986 0.041015625
1 0.48418209876543206 0.103271484375 0.020833333333333332 0.01708984375
1 0.5576774691358024 0.07666015625 0.017361111111111112 0.0234375
