1 0.48398919753086417 0.62451171875 0.1385030864197531 0.1845703125
1 0.4888117283950617 0.87109375 0.20987654320987653 0.2568359375
1 0.705054012345679 0.65576171875 0.16628086419753085 0.216796875
1 0.8169367283950617 0.874267578125 0.2727623456790123 0.25048828125
1 0.21103395061728394 0.660400390625 0.3966049382716049 0.66845703125
1 0.22337962962962962 0.301025390625 0.1558641975308642 0.07763671875
1 0.5073302469135802 0.310302734375 0.125 0.09326171875
1 0.46778549382716045 0.280517578125 0.11921296296296295 0.07958984375
1 0.8109567901234568 0.32470703125 0.09182098765432098 0.0888671875
1 0.9577546296296295 0.77685546875 0.08449074074074074 0.2333984375
1 0.4151234567901234 0.201171875 0.040123456790123455 0.0380859375
1 0.7064043209876543 0.25830078125 0.05324074074074074 0.0546875
1 0.6388888888888888 0.2412109375 0.048611111111111105 0.0556640625
1 0.5740740740740741 0.248291015625 0.047839506172839504 0.06494140625
1 0.4610339506172839 0.18017578125 0.03009259259259259 0.029296875
1 0.44907407407407407 0.140380859375 0.018518518518518517 0.02099609375
1 0.4562114197530864 0.12548828125 0.018132716049382713 0.0146484375
1 0.6145833333333333 0.192626953125 0.03317901234567901 0.02392578125
1 0.6039737654320987 0.213623046875 0.03047839506172839 0.03662109375
1 0.5414737654320987 0.19140625 0.04128086419753086 0.0322265625
