0 0.184375 0.380092592593 0.01875 0.07870370370370003
0 0.4984375 0.499074074074 0.017708333333299936 0.08703703703699998
0 0.516145833333 0.486574074074 0.027083333333300055 0.12314814814799999
0 0.7453125 0.30462962963 0.016666666666700063 0.05555555555559998
0 0.64609375 0.22453703703699998 0.008854166666669983 0.03796296296299999
0 0.511979166667 0.179166666667 0.009375 0.03981481481480003
1 0.36015625 0.314351851852 0.0421875 0.07129629629629998
1 0.544010416667 0.376388888889 0.10677083333300003 0.11388888888900005
1 0.8169270833329999 0.439351851852 0.12239583333300008 0.11018518518499998
1 0.4359375 0.269907407407 0.04270833333329994 0.06018518518520003
1 0.40520833333299994 0.226851851852 0.03229166666669994 0.042592592592600016
1 0.31171875 0.223611111111 0.025520833333299936 0.03981481481480003
1 0.366145833333 0.214814814815 0.026041666666699943 0.035185185185199974
1 0.366145833333 0.191666666667 0.023958333333300056 0.03148148148150001
1 0.48854166666699994 0.225 0.03229166666669994 0.046296296296299985
1 0.45729166666699994 0.197685185185 0.023958333333300056 0.0342592592593
1 0.44453125 0.179166666667 0.0234375 0.025
1 0.387239583333 0.177314814815 0.03177083333330005 0.025
1 0.44140625 0.154166666667 0.0140625 0.025
1 0.426302083333 0.152314814815 0.016145833333300056 0.025
0 0.330208333333 0.22037037037000004 0.0125 0.0388888888889
