0 0.220486111111 0.69775390625 0.048225308641999975 0.1787109375
0 0.416280864198 0.49267578125 0.0470679012346 0.125
0 0.46527777777799995 0.47265625 0.04089506172839997 0.140625
0 0.668402777778 0.475830078125 0.03510802469139995 0.10986328125
0 0.27700617284 0.41845703125 0.04089506172839997 0.111328125
0 0.351273148148 0.397216796875 0.027391975308600044 0.12353515625
0 0.38387345679 0.405517578125 0.032407407407400037 0.10986328125
0 0.46759259259299996 0.323974609375 0.023919753086399927 0.09912109375
0 0.38387345679 0.297119140625 0.02546296296299998 0.08837890625
0 0.330825617284 0.2431640625 0.022762345678999974 0.0654296875
0 0.3547453703699999 0.23681640625 0.020447530864199984 0.0625
0 0.541666666667 0.24072265625 0.027777777777800057 0.0576171875
1 0.537615740741 0.63818359375 0.161651234568 0.2001953125
1 0.327932098765 0.630615234375 0.154320987654 0.24560546875
1 0.835648148148 0.713134765625 0.3209876543209999 0.57275390625
1 0.17245370370399998 0.205322265625 0.08101851851849998 0.05810546875
1 0.29648919753099995 0.170166015625 0.03433641975310001 0.03857421875
1 0.34664351851899994 0.176025390625 0.029706790123500033 0.03662109375
1 0.39274691357999997 0.169677734375 0.031635802469099965 0.03564453125
1 0.393711419753 0.1455078125 0.030478395061699973 0.0244140625
1 0.357060185185 0.1640625 0.02816358024689998 0.029296875
1 0.368055555556 0.1376953125 0.020061728395099974 0.0263671875
1 0.383487654321 0.122314453125 0.019290123456800035 0.02392578125
1 0.353395061728 0.131103515625 0.020833333333299998 0.02099609375
1 0.377507716049 0.10498046875 0.021990740740700038 0.015625
0 0.574266975309 0.208251953125 0.014274691357999953 0.04931640625
0 0.58912037037 0.218505859375 0.016203703703700018 0.04541015625
0 0.5300925925929999 0.1591796875 0.014660493827199968 0.0341796875
0 0.514274691358 0.150634765625 0.010030864197499986 0.03466796875
1 0.43672839506199995 0.1103515625 0.03317901234570007 0.0458984375
1 0.4701003086419999 0.109375 0.029706790123499947 0.048828125
1 0.515817901235 0.103515625 0.019290123456799948 0.017578125
1 0.49421296296299994 0.099365234375 0.021604938271600024 0.02197265625
