1 0.5127314814809999 0.427734375 0.10493827160500002 0.111328125
1 0.567708333333 0.272216796875 0.0675154320988 0.07177734375
1 0.482060185185 0.291259765625 0.06983024691360007 0.08544921875
0 0.699074074074 0.40869140625 0.03858024691360007 0.119140625
0 0.820794753086 0.35986328125 0.03356481481480007 0.091796875
0 0.10725308641999999 0.354248046875 0.024691358024699996 0.08642578125
0 0.171296296296 0.328857421875 0.028549382715999994 0.07861328125
0 0.11033950617299998 0.248779296875 0.018518518518500008 0.06298828125
0 0.22260802469099997 0.20263671875 0.016975308641999958 0.04296875
1 0.459297839506 0.231201171875 0.04359567901230006 0.05517578125
1 0.525462962963 0.21484375 0.04629629629629998 0.0517578125
0 0.559799382716 0.18017578125 0.013117283950599915 0.0458984375
0 0.62924382716 0.21826171875 0.016203703703700018 0.0478515625
0 0.621334876543 0.197509765625 0.01504629629629998 0.04248046875
1 0.482445987654 0.1689453125 0.03510802469139995 0.041015625
1 0.4513888888889999 0.195068359375 0.04089506172839997 0.04248046875
1 0.445794753086 0.162841796875 0.02584876543209999 0.03466796875
1 0.466242283951 0.142822265625 0.027391975308600044 0.02880859375
1 0.445987654321 0.13134765625 0.024691358024699954 0.0283203125
1 0.4375 0.123779296875 0.020061728395099974 0.02587890625
1 0.427662037037 0.097412109375 0.01504629629629998 0.01904296875
1 0.45254629629599996 0.097900390625 0.013888888888899942 0.01513671875
1 0.47820216049399994 0.114013671875 0.03356481481480007 0.05029296875
1 0.514081790123 0.104248046875 0.017361111111100058 0.01806640625
1 0.3099922839509999 0.298095703125 0.06597222222220002 0.08349609375
1 0.2540509259259999 0.260009765625 0.05825617283950003 0.08935546875
1 0.360532407407 0.223876953125 0.049768518518500005 0.04931640625
1 0.30459104938299997 0.197021484375 0.057484567901200004 0.06884765625
1 0.338734567901 0.179443359375 0.033950617284 0.03955078125
1 0.39158950617300003 0.171630859375 0.03626543209880004 0.03955078125
1 0.327546296296 0.146728515625 0.028549382715999994 0.02783203125
1 0.173418209877 0.1845703125 0.03433641975310001 0.0341796875
1 0.353973765432 0.158935546875 0.026620370370400017 0.02978515625
1 0.369984567901 0.14599609375 0.022376543209899964 0.02734375
1 0.402584876543 0.1435546875 0.02276234567900002 0.0244140625
1 0.39969135802499994 0.12451171875 0.024691358024699954 0.0244140625
1 0.3724922839509999 0.13134765625 0.024305555555600027 0.0205078125
1 0.572145061728 0.931640625 0.21527777777800006 0.1337890625
