1 0.08671875 0.884722222222 0.15364583333333334 0.22870370370399992
1 0.6442708333333333 0.923148148148 0.17291666666666666 0.14629629629599997
1 0.29140625 0.6615740740740002 0.1953125 0.299074074074
1 0.6455729166666666 0.616666666667 0.1109375 0.22962962962999997
1 0.5080729166666667 0.5708333333330001 0.1296875 0.21388888888900007
1 0.3833333333333333 0.503240740741 0.11770833333333333 0.156481481481
1 0.46953125 0.405092592593 0.08072916666666667 0.11018518518500003
1 0.6802083333333333 0.418055555556 0.07083333333333333 0.11018518518500003
1 0.59765625 0.338888888889 0.057812499999999996 0.09444444444440002
1 0.51484375 0.336111111111 0.06614583333333333 0.09259259259259997
1 0.5484375 0.28750000000000003 0.051041666666666666 0.06759259259259996
1 0.628125 0.274074074074 0.04583333333333333 0.05185185185189996
1 0.57734375 0.246759259259 0.0390625 0.06388888888890003
1 0.67890625 0.222685185185 0.03697916666666667 0.05092592592589998
0 0.8484375 0.4625 0.02395833333333333 0.106481481481
1 0.039322916666666666 0.40879629629600006 0.0765625 0.07870370370370003
0 0.03125 0.35416666666700003 0.01875 0.06574074074070001
1 0.44895833333333335 0.237037037037 0.04479166666666667 0.04814814814810002
1 0.5567708333333333 0.199537037037 0.030208333333333334 0.037962962963000016
1 0.55703125 0.156944444444 0.01614583333333333 0.026851851851900012
1 0.57265625 0.15324074074100003 0.015104166666666667 0.030555555555599977
1 0.6010416666666667 0.21759259259300004 0.028125 0.040740740740700006
1 0.6197916666666666 0.2 0.021875 0.03333333333330002
1 0.6388020833333333 0.238888888889 0.0421875 0.04444444444440002
1 0.6265625 0.177777777778 0.0375 0.02777777777779999
