1 0.529706790123 0.59326171875 0.14814814814800006 0.2197265625
1 0.33024691358 0.626220703125 0.16666666666700003 0.19384765625
1 0.49614197530899995 0.863525390625 0.19444444444400003 0.27197265625
1 0.196566358025 0.940673828125 0.261188271605 0.11767578125
1 0.7527006172839998 0.33154296875 0.16049382716000005 0.0927734375
1 0.536458333333 0.290283203125 0.10146604938299991 0.07763671875
1 0.387924382716 0.2841796875 0.0675154320988 0.0654296875
1 0.246334876543 0.2802734375 0.06365740740740003 0.0732421875
0 0.982831790123 0.2626953125 0.019675925925899958 0.0537109375
0 0.68287037037 0.257080078125 0.020833333333299998 0.05517578125
1 0.45235339506199995 0.250732421875 0.052083333333299994 0.06396484375
1 0.3256172839509999 0.224853515625 0.04320987654319996 0.05419921875
1 0.368441358025 0.23828125 0.05246913580250001 0.048828125
1 0.35725308642 0.20849609375 0.037808641975299956 0.0361328125
1 0.440779320988 0.217041015625 0.03819444444440005 0.03759765625
1 0.40277777777799995 0.206298828125 0.03395061728399996 0.04541015625
1 0.456597222222 0.1962890625 0.03202160493830002 0.03125
1 0.469135802469 0.17578125 0.02854938271600008 0.0380859375
1 0.536844135802 0.17529296875 0.03125 0.0302734375
1 0.545331790123 0.150390625 0.020447530864199984 0.0234375
1 0.554012345679 0.131591796875 0.013117283950599915 0.01611328125
1 0.395447530864 0.177978515625 0.027777777777800012 0.02978515625
1 0.45871913580199997 0.14794921875 0.017746913580200068 0.0234375
1 0.488233024691 0.150146484375 0.02121913580250001 0.01904296875
1 0.430362654321 0.183349609375 0.022762345679000064 0.02490234375
1 0.43634259259299996 0.17236328125 0.02546296296299998 0.0244140625
1 0.47241512345699993 0.136962890625 0.01504629629629998 0.02001953125
1 0.483410493827 0.13037109375 0.013888888888899942 0.017578125
1 0.506172839506 0.1279296875 0.013117283950599915 0.013671875
1 0.49672067901199995 0.122314453125 0.011188271604900024 0.01123046875
0 0.4384645061729999 0.148681640625 0.008101851851849922 0.02197265625
1 0.521219135802 0.105224609375 0.009259259259259961 0.01123046875
