1 0.516396604938 0.62451171875 0.13850308641999992 0.1845703125
1 0.511188271605 0.87109375 0.20987654321000004 0.2568359375
1 0.295331790123 0.65576171875 0.16628086419799998 0.216796875
1 0.18306327160499997 0.874267578125 0.272762345679 0.25048828125
1 0.7889660493829999 0.660400390625 0.39660493827199994 0.66845703125
1 0.776813271605 0.301025390625 0.15547839506199998 0.07763671875
1 0.492862654321 0.310302734375 0.125385802469 0.09326171875
1 0.532214506173 0.280517578125 0.11921296296299998 0.07958984375
1 0.189043209877 0.32470703125 0.09182098765429997 0.0888671875
1 0.04224537037039999 0.77685546875 0.0844907407407 0.2333984375
1 0.585262345679 0.201171875 0.040123456790099946 0.0380859375
1 0.293981481481 0.25830078125 0.05324074074070004 0.0546875
1 0.36149691358 0.2412109375 0.04861111111109997 0.0556640625
1 0.4263117283949999 0.248291015625 0.04783950617280003 0.06494140625
1 0.538966049383 0.18017578125 0.03009259259259996 0.029296875
1 0.551311728395 0.140380859375 0.01851851851849992 0.02099609375
1 0.543788580247 0.12548828125 0.018132716049400085 0.0146484375
1 0.3854166666669999 0.192626953125 0.033179012345699976 0.02392578125
1 0.396412037037 0.213623046875 0.030478395061699973 0.03662109375
1 0.458912037037 0.19140625 0.04128086419749998 0.0322265625
