1 0.251171875 0.578472222222 0.16484375 0.1875
1 0.5398437500000001 0.720833333333 0.2 0.25555555555599996
1 0.490234375 0.45277777777800005 0.13046875 0.14722222222200007
1 0.6238281250000001 0.397916666667 0.11484375000000001 0.12361111111099995
1 0.7214843750000001 0.498611111111 0.14453125 0.21111111111099995
1 0.899609375 0.8125 0.19921875 0.297222222222
1 0.36796875 0.359722222222 0.1203125 0.14444444444399995
1 0.3828125 0.285416666667 0.10312500000000001 0.09861111111109998
1 0.504296875 0.23472222222200004 0.09296875 0.147222222222
1 0.632421875 0.209722222222 0.06171875 0.06388888888890003
1 0.5945312500000001 0.177083333333 0.0484375 0.05138888888889998
1 0.7347656250000001 0.286111111111 0.05859375 0.075
1 0.859375 0.320833333333 0.19843750000000002 0.34722222222199994
1 0.740234375 0.19652777777800004 0.07890625000000001 0.13472222222199998
1 0.66015625 0.1625 0.053125000000000006 0.06666666666669999
1 0.16640625 0.249305555556 0.1765625 0.10416666666699999
1 0.223046875 0.236111111111 0.12890625 0.08888888888890002
1 0.5242187500000001 0.146527777778 0.0421875 0.0597222222222
1 0.63984375 0.128472222222 0.06875 0.0319444444444
