1 0.5235339506169999 0.60693359375 0.14583333333299997 0.1865234375
1 0.24324845679 0.892578125 0.260416666667 0.2138671875
0 0.15470679012299998 0.760986328125 0.05401234567900002 0.15576171875
1 0.13483796296299996 0.423095703125 0.10609567901199997 0.12939453125
1 0.23861882716 0.32080078125 0.08217592592590002 0.0869140625
1 0.5304783950619999 0.409423828125 0.09645061728400009 0.09912109375
0 0.7642746913579999 0.38720703125 0.03626543209879999 0.091796875
1 0.83236882716 0.3330078125 0.15547839506199998 0.0869140625
1 0.823302469136 0.289306640625 0.13503086419799998 0.06787109375
0 0.66049382716 0.257568359375 0.023919753086399927 0.06689453125
1 0.432098765432 0.333251953125 0.08796296296299998 0.12353515625
1 0.540509259259 0.283447265625 0.05401234567900006 0.06103515625
1 0.293595679012 0.251953125 0.05709876543209999 0.0634765625
1 0.466435185185 0.26806640625 0.06018518518519992 0.0556640625
1 0.50675154321 0.24560546875 0.044367283950600085 0.0478515625
1 0.559027777778 0.210693359375 0.04629629629629998 0.03662109375
1 0.51774691358 0.1923828125 0.02700617283950003 0.0283203125
1 0.5449459876539999 0.17578125 0.025077160493799964 0.0263671875
1 0.522762345679 0.15283203125 0.021604938271600024 0.0234375
1 0.560956790123 0.151123046875 0.020061728395099974 0.02197265625
1 0.422260802469 0.2353515625 0.04128086419749998 0.05078125
1 0.388888888889 0.2197265625 0.040123456790100036 0.046875
1 0.4419367283949999 0.2177734375 0.03587962962959998 0.04296875
1 0.36284722222199994 0.182373046875 0.06442901234569998 0.07373046875
1 0.676697530864 0.228271484375 0.08101851851849992 0.04345703125
1 0.546489197531 0.140869140625 0.01504629629629998 0.01611328125
1 0.532407407407 0.117919921875 0.014660493827199968 0.01416015625
1 0.530671296296 0.130126953125 0.017361111111100058 0.01220703125
1 0.403742283951 0.180419921875 0.020447530864199984 0.02490234375
