1 0.6580729166666667 0.804166666667 0.1484375 0.3305555555560001
1 0.39427083333333335 0.8337962962960002 0.240625 0.3305555555560001
1 0.3307291666666667 0.569444444444 0.165625 0.23518518518499998
1 0.09921875 0.8370370370370002 0.19635416666666666 0.31851851851900004
1 0.4809895833333333 0.419444444444 0.11302083333333333 0.13888888888899995
1 0.6739583333333333 0.43611111111100004 0.06979166666666667 0.12592592592599994
1 0.5947916666666666 0.35046296296300006 0.0625 0.11388888888900005
1 0.675 0.348611111111 0.04583333333333333 0.06388888888889994
1 0.6802083333333333 0.3027777777780001 0.04583333333333333 0.05370370370370002
1 0.5309895833333333 0.312037037037 0.0515625 0.07222222222220001
1 0.5 0.342592592593 0.06979166666666667 0.0592592592593
1 0.61953125 0.298611111111 0.0484375 0.06574074074070001
1 0.55625 0.277777777778 0.042708333333333334 0.05740740740740004
1 0.5734375 0.25555555555600007 0.036458333333333336 0.051851851851899985
1 0.5885416666666666 0.23425925925899999 0.03125 0.044444444444399996
1 0.6216145833333333 0.260648148148 0.03802083333333333 0.04166666666670004
1 0.6341145833333334 0.24259259259300003 0.03177083333333333 0.04444444444440002
1 0.60234375 0.223148148148 0.0265625 0.040740740740700006
1 0.61875 0.2 0.022916666666666665 0.03148148148150001
1 0.53203125 0.186111111111 0.03177083333333333 0.03518518518520003
1 0.55703125 0.15787037037 0.0203125 0.030555555555600033
1 0.5723958333333333 0.15509259259300004 0.014583333333333334 0.02129629629629998
0 0.5033854166666667 0.168518518519 0.0078125 0.029629629629599998
0 0.4783854166666667 0.181481481481 0.0078125 0.029629629629599998
0 0.47369791666666666 0.177777777778 0.0078125 0.029629629629599998
0 0.71484375 0.284259259259 0.011979166666666666 0.05185185185189996
1 0.675 0.215277777778 0.027083333333333334 0.030555555555599977
0 0.7640625 0.5861111111110001 0.03125 0.16296296296300003
1 0.058333333333333334 0.452314814815 0.11562499999999999 0.09722222222220002
1 0.04010416666666666 0.39722222222200004 0.078125 0.0685185185185
0 0.18359375 0.303703703704 0.018229166666666668 0.06666666666670004
0 0.934375 0.797222222222 0.046875 0.19814814814799994
0 0.9703125 0.8259259259260001 0.04375 0.17592592592600004
0 0.45859374999999997 0.33842592592600007 0.022395833333333334 0.08055555555559998
