1 0.42473958333333334 0.8421296296299999 0.22552083333333334 0.31388888888899996
1 0.12864583333333332 0.862037037037 0.23541666666666666 0.26111111111099994
1 0.4484375 0.47175925925900003 0.11562499999999999 0.16203703703699998
1 0.596875 0.415277777778 0.078125 0.11944444444400001
1 0.6356770833333333 0.300925925926 0.0421875 0.0907407407407
1 0.6088541666666667 0.243518518519 0.034375 0.05
1 0.6880208333333333 0.226388888889 0.02395833333333333 0.0342592592593
1 0.6518229166666667 0.226851851852 0.0296875 0.042592592592600016
1 0.6270833333333333 0.195833333333 0.027083333333333334 0.0342592592593
1 0.6703125 0.193518518519 0.01875 0.03148148148150001
1 0.48776041666666664 0.23425925925900004 0.0421875 0.046296296296300006
1 0.57265625 0.152314814815 0.0171875 0.02129629629629998
1 0.5591145833333333 0.152314814815 0.015104166666666667 0.025
1 0.54921875 0.162962962963 0.01614583333333333 0.02222222222220001
0 0.653125 0.52962962963 0.03125 0.14259259259299997
0 0.8059895833333334 0.3652777777780001 0.0140625 0.05462962962960005
