0 0.7013020833333333 0.866666666667 0.06510416666666667 0.22407407407399998
0 0.2984375 0.398611111111 0.025 0.106481481481
0 0.18098958333333334 0.293055555556 0.018229166666666668 0.06759259259259996
1 0.38307291666666665 0.715740740741 0.2484375 0.37962962962999997
1 0.24635416666666665 0.492592592593 0.171875 0.15
1 0.03854166666666667 0.40925925925900003 0.075 0.0907407407407
1 0.4861979166666667 0.414351851852 0.1203125 0.11759259259299998
1 0.6796875 0.483796296296 0.07708333333333334 0.14907407407399997
1 0.49583333333333335 0.327777777778 0.07916666666666666 0.09814814814809994
1 0.6723958333333333 0.305555555556 0.04895833333333333 0.10370370370400003
1 0.5520833333333334 0.281481481481 0.04479166666666667 0.07222222222220001
1 0.6315104166666666 0.265740740741 0.0359375 0.05185185185189996
1 0.5731770833333333 0.253240740741 0.0328125 0.056481481481500014
1 0.5924479166666666 0.236111111111 0.0265625 0.04814814814810002
1 0.6013020833333333 0.222685185185 0.0265625 0.036111111111100005
1 0.64140625 0.241203703704 0.030729166666666665 0.04351851851849999
1 0.62421875 0.21388888888900004 0.0296875 0.029629629629599998
1 0.615625 0.2 0.021875 0.02777777777779999
1 0.65625 0.231018518519 0.029166666666666667 0.03981481481480003
1 0.66796875 0.214351851852 0.024479166666666666 0.03240740740739999
0 0.4953125 0.19675925925900004 0.010416666666666666 0.036111111111100005
0 0.41796875 0.196296296296 0.0078125 0.035185185185199974
0 0.46328125 0.181481481481 0.0067708333333333336 0.029629629629599998
1 0.5575520833333333 0.159259259259 0.018229166666666668 0.02777777777779999
1 0.5734375 0.15462962963 0.015625 0.02592592592589998
