1 0.329033430233 0.913722826087 0.23655523255799998 0.17164855072500007
1 0.43168604651199993 0.605525362319 0.13154069767400003 0.17028985507199995
1 0.704396802326 0.66553442029 0.16024709302300003 0.18432971014500005
1 0.887354651163 0.553668478261 0.13299418604700008 0.13903985507199995
1 0.716933139535 0.502264492754 0.11264534883700002 0.12047101449299995
1 0.476199127907 0.449954710145 0.1202761627909999 0.11548913043499999
1 0.634265988372 0.43048007246400005 0.08757267441860002 0.08922101449279997
1 0.838299418605 0.411005434783 0.10537790697699997 0.10009057971000004
1 0.501453488372 0.35235507246400005 0.09011627906979999 0.07971014492749999
1 0.626090116279 0.349411231884 0.07630813953489991 0.0701992753623
1 0.77707122093 0.338315217391 0.06286337209300012 0.060688405797100005
1 0.725109011628 0.299139492754 0.07376453488370002 0.07653985507250002
1 0.5703125 0.310914855072 0.06504360465119997 0.059329710144900044
1 0.92605377907 0.324954710145 0.06286337209300012 0.059329710144900044
1 0.852834302326 0.29393115942 0.05886627906980016 0.056159420289899974
0 0.273255813953 0.450634057971 0.03488372093020001 0.10778985507199997
