1 0.486304012345679 0.596435546875 0.1246141975308642 0.22900390625
1 0.6614583333333333 0.604736328125 0.14467592592592593 0.19384765625
1 0.4930555555555555 0.90087890625 0.19675925925925924 0.197265625
1 0.7750771604938271 0.863525390625 0.24845679012345678 0.27197265625
1 0.1408179012345679 0.325439453125 0.18132716049382716 0.13232421875
1 0.29108796296296297 0.307861328125 0.12152777777777778 0.10107421875
1 0.04378858024691358 0.3212890625 0.08603395061728394 0.08203125
1 0.49729938271604934 0.290283203125 0.0794753086419753 0.07470703125
1 0.7937885802469136 0.3642578125 0.08063271604938271 0.0947265625
1 0.9606481481481481 0.479736328125 0.07870370370370369 0.20751953125
0 0.15740740740740738 0.4091796875 0.031635802469135804 0.111328125
1 0.7322530864197531 0.27392578125 0.05555555555555555 0.05859375
1 0.6886574074074073 0.238037109375 0.044753086419753084 0.04736328125
1 0.6240354938271605 0.26611328125 0.05362654320987654 0.056640625
1 0.5601851851851851 0.255859375 0.05709876543209876 0.0498046875
1 0.6199845679012346 0.222900390625 0.044753086419753084 0.04345703125
1 0.5597993827160493 0.2138671875 0.043209876543209874 0.0439453125
1 0.4266975308641975 0.204833984375 0.03317901234567901 0.04052734375
1 0.5410879629629629 0.192138671875 0.03510802469135802 0.04150390625
1 0.5891203703703703 0.19775390625 0.029320987654320986 0.033203125
1 0.6298225308641975 0.194580078125 0.03356481481481481 0.04443359375
1 0.6080246913580246 0.186767578125 0.020061728395061727 0.02880859375
1 0.550733024691358 0.14892578125 0.019675925925925923 0.0205078125
1 0.4585262345679012 0.121826171875 0.01273148148148148 0.01513671875
1 0.48263888888888884 0.10595703125 0.010030864197530864 0.01171875
1 0.4722222222222222 0.096435546875 0.010802469135802469 0.01611328125
