1 0.1550925925925926 0.731201171875 0.30941358024691357 0.43505859375
1 0.9278549382716049 0.648193359375 0.14429012345679013 0.23486328125
1 0.6896219135802468 0.319580078125 0.07600308641975308 0.10107421875
1 0.5117669753086419 0.22119140625 0.04359567901234568 0.05078125
1 0.5262345679012346 0.169189453125 0.034722222222222224 0.03955078125
1 0.5557484567901234 0.13134765625 0.02507716049382716 0.025390625
1 0.5480324074074073 0.115478515625 0.016589506172839504 0.01904296875
1 0.5383873456790124 0.098388671875 0.019675925925925923 0.02001953125
1 0.5007716049382716 0.095947265625 0.016203703703703703 0.01513671875
1 0.5063657407407407 0.09033203125 0.015817901234567902 0.0146484375
1 0.5588348765432098 0.105224609375 0.02199074074074074 0.02294921875
0 0.392554012345679 0.198974609375 0.013503086419753086 0.05126953125
0 0.37731481481481477 0.20068359375 0.012345679012345678 0.0498046875
0 0.42959104938271603 0.18212890625 0.011959876543209876 0.0517578125
1 0.7847222222222222 0.2978515625 0.08410493827160494 0.1064453125
1 0.7561728395061728 0.246337890625 0.05709876543209876 0.05615234375
1 0.6672453703703703 0.231201171875 0.04976851851851852 0.06298828125
1 0.6896219135802468 0.2021484375 0.0474537037037037 0.048828125
1 0.8273533950617283 0.21044921875 0.06905864197530864 0.0439453125
1 0.7378472222222222 0.184326171875 0.04822530864197531 0.03759765625
1 0.6209490740740741 0.197998046875 0.03742283950617284 0.03564453125
1 0.6147762345679012 0.167724609375 0.03742283950617284 0.03466796875
1 0.6057098765432098 0.12451171875 0.04089506172839506 0.0625
