1 0.4600694444444444 0.611572265625 0.18094135802469136 0.31103515625
1 0.47453703703703703 0.427734375 0.11342592592592592 0.0927734375
1 0.3923611111111111 0.33447265625 0.09027777777777778 0.08984375
1 0.5129243827160493 0.26220703125 0.06751543209876543 0.0732421875
1 0.6726466049382716 0.515625 0.1385030864197531 0.201171875
1 0.8271604938271604 0.3017578125 0.10030864197530864 0.0703125
1 0.13773148148148148 0.73828125 0.2692901234567901 0.5224609375
1 0.7461419753086419 0.84423828125 0.26080246913580246 0.306640625
0 0.1398533950617284 0.3974609375 0.025848765432098762 0.1005859375
0 0.17978395061728394 0.394287109375 0.03317901234567901 0.10302734375
0 0.4212962962962963 0.197265625 0.019290123456790122 0.048828125
0 0.3576388888888889 0.2099609375 0.019290123456790122 0.0498046875
0 0.3761574074074074 0.1962890625 0.014660493827160493 0.056640625
1 0.6145833333333333 0.163330078125 0.030864197530864196 0.03369140625
1 0.6547067901234568 0.159423828125 0.031635802469135804 0.03662109375
1 0.7087191358024691 0.169677734375 0.033950617283950615 0.03076171875
1 0.6086033950617283 0.143798828125 0.03279320987654321 0.02685546875
1 0.5011574074074073 0.096923828125 0.016203703703703703 0.01708984375
1 0.5692515432098765 0.059326171875 0.011188271604938271 0.01611328125
