1 0.6462572674418604 0.72803442029 0.17405523255813954 0.249547101449
1 0.5723110465116279 0.554574275362 0.13880813953488372 0.15625
1 0.5292514534883721 0.449954710145 0.11664244186046512 0.12817028985500006
1 0.35992005813953487 0.55321557971 0.14280523255813954 0.17164855072499996
1 0.1862281976744186 0.8451086956520001 0.22710755813953487 0.2500000000000001
1 0.07794331395348837 0.656023550725 0.15515988372093023 0.18432971014500005
1 0.3495639534883721 0.44157608695700007 0.11555232558139535 0.10778985507200001
1 0.3101380813953488 0.374547101449 0.08902616279069768 0.07971014492749999
1 0.3355741279069767 0.313179347826 0.07376453488372092 0.07653985507250002
1 0.24618459302325582 0.283061594203 0.05632267441860465 0.0625
1 0.5256177325581395 0.389039855072 0.08393895348837209 0.06884057971010003
1 0.4429505813953488 0.337635869565 0.09883720930232558 0.11548913043499999
