1 0.545524691358 0.583251953125 0.14583333333299997 0.19384765625
1 0.729938271605 0.589111328125 0.15817901234600007 0.18115234375
1 0.310185185185 0.666015625 0.16280864197500003 0.2060546875
1 0.554398148148 0.841796875 0.2168209876539999 0.2900390625
1 0.191550925926 0.861083984375 0.27739197530899995 0.27294921875
0 0.817901234568 0.51611328125 0.04706790123459983 0.154296875
0 0.9778163580249999 0.7646484375 0.04359567901230006 0.1748046875
0 0.163773148148 0.3779296875 0.03356481481479999 0.0888671875
1 0.0354938271605 0.3212890625 0.0663580246914 0.125
1 0.292438271605 0.16796875 0.034722222222200026 0.0341796875
1 0.34664351851899994 0.154296875 0.029706790123500033 0.0322265625
1 0.38406635802500005 0.163330078125 0.030478395061700015 0.03466796875
1 0.395447530864 0.124267578125 0.020833333333299998 0.02392578125
0 0.446180555556 0.151611328125 0.013503086419799928 0.03564453125
0 0.505979938272 0.15283203125 0.014274691357999953 0.0380859375
0 0.5451388888889999 0.1650390625 0.011574074074100039 0.0419921875
0 0.579282407407 0.196044921875 0.012731481481500077 0.04931640625
0 0.6408179012349999 0.212646484375 0.015432098765399992 0.04248046875
0 0.690393518519 0.23486328125 0.018132716049400085 0.0556640625
0 0.6329089506169999 0.1953125 0.012731481481500077 0.046875
1 0.446759259259 0.089111328125 0.014660493827199968 0.01904296875
1 0.497685185185 0.095703125 0.016975308642000045 0.015625
1 0.46296296296299994 0.08203125 0.009259259259259961 0.015625
1 0.37287808642 0.126953125 0.019675925925899958 0.0224609375
1 0.435570987654 0.06494140625 0.012345679012300064 0.0205078125
