1 0.7557291666669999 0.6847222222220001 0.20833333333300008 0.31018518518499993
1 0.5796875 0.48009259259299997 0.13020833333300003 0.18240740740700004
1 0.3265625 0.50787037037 0.08125 0.16574074074100006
1 0.430729166667 0.431018518519 0.08645833333329994 0.16203703703699998
1 0.53046875 0.38287037037 0.07864583333330005 0.0935185185185
1 0.329947916667 0.391203703704 0.056770833333299936 0.09907407407409997
1 0.39088541666699994 0.31898148148100003 0.052604166666699946 0.08240740740740005
1 0.48125 0.329166666667 0.05625 0.07685185185189997
1 0.31875 0.329166666667 0.044791666666700064 0.06944444444440002
1 0.447135416667 0.284722222222 0.0453125 0.06759259259259996
1 0.430729166667 0.256944444444 0.03854166666670006 0.054629629629600024
1 0.37916666666699994 0.268981481481 0.03958333333330005 0.05462962962960005
1 0.41171874999999997 0.23518518518500003 0.030729166666699944 0.046296296296300006
1 0.398177083333 0.22037037037000004 0.025520833333300057 0.042592592592600016
1 0.381510416667 0.201851851852 0.024479166666699942 0.035185185185199974
1 0.36484375 0.243055555556 0.028645833333300057 0.04537037037040003
1 0.325 0.221759259259 0.03125 0.037962962963000016
1 0.660677083333 0.3625 0.09322916666670006 0.0842592592593
1 0.759114583333 0.35833333333300005 0.08385416666670006 0.07962962962960006
1 0.43645833333299994 0.17962962963 0.027083333333300055 0.03148148148150001
1 0.44296874999999997 0.15509259259300004 0.0140625 0.025
1 0.42734374999999997 0.153703703704 0.016145833333300056 0.020370370370400005
0 0.60859375 0.375925925926 0.022395833333299937 0.08888888888889994
0 0.271875 0.288425925926 0.011458333333300026 0.05462962962960005
0 0.5 0.167592592593 0.007291666666669983 0.03148148148150001
0 0.521614583333 0.181481481481 0.008854166666669983 0.02777777777779999
0 0.86015625 0.319907407407 0.015104166666700062 0.06388888888890006
0 0.1984375 0.8888888888890001 0.0572916666667 0.19814814814800005
