0 0.271026234568 0.51220703125 0.03356481481479999 0.125
0 0.765432098765 0.385009765625 0.03858024691360007 0.10205078125
0 0.657214506173 0.251220703125 0.026620370370400017 0.07177734375
1 0.532986111111 0.480224609375 0.09529320987650004 0.13330078125
1 0.41300154320999993 0.435791015625 0.10763888888899999 0.12939453125
1 0.119020061728 0.509765625 0.146219135802 0.18359375
1 0.169174382716 0.382568359375 0.09529320987649997 0.10107421875
1 0.5304783950619999 0.323974609375 0.08179012345679994 0.08837890625
1 0.24826388888899997 0.303466796875 0.06442901234569998 0.07080078125
1 0.293016975309 0.250244140625 0.049768518518500005 0.05810546875
1 0.365354938272 0.24072265625 0.0470679012346 0.052734375
1 0.424961419753 0.238525390625 0.052083333333299994 0.05712890625
1 0.47415123456799996 0.27734375 0.05478395061730009 0.0654296875
1 0.555169753086 0.2353515625 0.03935185185189992 0.0419921875
1 0.37789351851899994 0.18798828125 0.03433641975310001 0.0302734375
1 0.500964506173 0.219482421875 0.03973765432099993 0.04541015625
1 0.50675154321 0.191650390625 0.03433641975309993 0.02685546875
1 0.5237268518519999 0.15625 0.029706790123499947 0.0322265625
1 0.55825617284 0.196533203125 0.030864197530899987 0.03271484375
1 0.551311728395 0.147705078125 0.02237654320990005 0.01904296875
1 0.4106867283949999 0.196044921875 0.029706790123499947 0.02685546875
1 0.473572530864 0.133544921875 0.022762345679000064 0.02001953125
1 0.500385802469 0.13232421875 0.016975308642000045 0.01953125
1 0.443287037037 0.164794921875 0.023919753086399927 0.02783203125
1 0.441358024691 0.212890625 0.032407407407400037 0.0361328125
1 0.533179012346 0.127197265625 0.016203703703700018 0.01806640625
