0 0.13676697530864196 0.84130859375 0.07368827160493827 0.2119140625
1 0.6359953703703703 0.60400390625 0.14930555555555555 0.16796875
1 0.4583333333333333 0.3291015625 0.12422839506172839 0.25
0 0.3136574074074074 0.2734375 0.027777777777777776 0.0595703125
1 0.4396219135802469 0.188720703125 0.028935185185185182 0.03662109375
0 0.8626543209876543 0.25537109375 0.014660493827160493 0.037109375
1 0.5794753086419753 0.23876953125 0.040123456790123455 0.044921875
1 0.5628858024691358 0.220458984375 0.032407407407407406 0.03955078125
1 0.5837191358024691 0.192626953125 0.03317901234567901 0.03466796875
1 0.4895833333333333 0.200927734375 0.034722222222222224 0.03076171875
1 0.47897376543209874 0.171142578125 0.03356481481481481 0.04833984375
1 0.44868827160493824 0.145751953125 0.016203703703703703 0.02587890625
1 0.4729938271604938 0.1376953125 0.015432098765432098 0.0185546875
1 0.44656635802469136 0.1279296875 0.016589506172839504 0.0166015625
1 0.49614197530864196 0.130126953125 0.013888888888888888 0.01513671875
1 0.513695987654321 0.127197265625 0.011188271604938271 0.01806640625
1 0.4837962962962963 0.11474609375 0.010030864197530864 0.0126953125
1 0.5025077160493827 0.116943359375 0.009645061728395061 0.01220703125
1 0.4942129629629629 0.111572265625 0.007716049382716049 0.00927734375
1 0.46875 0.12548828125 0.013117283950617283 0.0146484375
1 0.46431327160493824 0.119140625 0.011188271604938271 0.0146484375
