0 0.83359375 0.750925925926 0.03802083333333333 0.18518518518499993
0 0.8497395833333333 0.6958333333330001 0.034895833333333334 0.16759259259299997
0 0.9338541666666667 0.646296296296 0.03125 0.14814814814799995
0 0.8388020833333333 0.486574074074 0.0234375 0.125
1 0.71484375 0.603240740741 0.12135416666666667 0.30277777777800013
1 0.46796875 0.6574074074070001 0.1859375 0.311111111111
1 0.10208333333333333 0.883796296296 0.2 0.230555555556
1 0.24817708333333333 0.683333333333 0.20052083333333334 0.2777777777779999
1 0.390625 0.520833333333 0.13020833333333334 0.17129629629600004
1 0.46953125 0.41620370370400006 0.09739583333333333 0.125
1 0.50859375 0.335185185185 0.06302083333333333 0.0907407407407
1 0.54375 0.301388888889 0.053125 0.07314814814810004
1 0.5653645833333333 0.2717592592590001 0.04010416666666666 0.058333333333299965
1 0.578125 0.253240740741 0.0375 0.05833333333329999
1 0.6236979166666666 0.290277777778 0.0453125 0.06574074074070001
1 0.6828125 0.29120370370400006 0.046875 0.07129629629629998
1 0.37395833333333334 0.325 0.07291666666666667 0.0777777777778
1 0.17838541666666666 0.39537037037 0.1265625 0.10555555555599999
1 0.03854166666666667 0.406018518519 0.075 0.0842592592593
0 0.11302083333333333 0.343055555556 0.019791666666666666 0.08240740740740005
0 0.03984375 0.355092592593 0.019270833333333334 0.075
0 0.31015625 0.23842592592600004 0.013020833333333334 0.0490740740741
0 0.33229166666666665 0.269907407407 0.015625 0.04907407407409997
0 0.42864583333333334 0.214351851852 0.011458333333333333 0.037962962963000016
0 0.4591145833333333 0.18657407407400003 0.009895833333333333 0.0342592592593
1 0.6161458333333333 0.20462962963 0.028125 0.040740740740700006
1 0.6520833333333333 0.20046296296300004 0.027083333333333334 0.037962962963000016
1 0.63984375 0.172222222222 0.0171875 0.02777777777779999
0 0.490625 0.17685185185200003 0.009375 0.029629629629599998
1 0.55859375 0.159259259259 0.018229166666666668 0.02777777777779999
1 0.5731770833333333 0.156944444444 0.0171875 0.02314814814809999
