1 0.679591049382716 0.56103515625 0.15007716049382716 0.1708984375
1 0.4737654320987654 0.603759765625 0.15432098765432098 0.18017578125
1 0.21412037037037035 0.63671875 0.1905864197530864 0.2001953125
1 0.7422839506172839 0.8349609375 0.22916666666666666 0.3095703125
1 0.46604938271604934 0.875 0.22453703703703703 0.2490234375
1 0.11304012345679011 0.886962890625 0.22453703703703703 0.22412109375
0 0.18132716049382716 0.508544921875 0.044753086419753084 0.13232421875
1 0.5923996913580246 0.244140625 0.08294753086419752 0.1337890625
1 0.896412037037037 0.206787109375 0.05516975308641975 0.03857421875
1 0.8028549382716049 0.183837890625 0.15277777777777776 0.08349609375
1 0.6143904320987654 0.156005859375 0.03433641975308642 0.04150390625
1 0.6597222222222222 0.160888671875 0.038580246913580245 0.03955078125
1 0.7129629629629629 0.172119140625 0.03317901234567901 0.03271484375
1 0.6022376543209876 0.129638671875 0.026234567901234566 0.02783203125
1 0.5511188271604938 0.09228515625 0.022762345679012343 0.025390625
1 0.5021219135802469 0.097412109375 0.018132716049382713 0.01513671875
1 0.505787037037037 0.091064453125 0.013888888888888888 0.01416015625
