0 0.17746913580246912 0.404052734375 0.03009259259259259 0.10107421875
0 0.8854166666666666 0.304931640625 0.020833333333333332 0.06396484375
1 0.6138117283950617 0.4736328125 0.12191358024691357 0.1357421875
1 0.7550154320987654 0.7626953125 0.23765432098765432 0.369140625
1 0.5410879629629629 0.314208984375 0.06983024691358024 0.06982421875
1 0.42245370370370366 0.271240234375 0.05632716049382716 0.06103515625
1 0.5117669753086419 0.261474609375 0.05671296296296296 0.05322265625
1 0.7625385802469136 0.3125 0.07600308641975308 0.0732421875
1 0.6763117283950617 0.239013671875 0.05092592592592592 0.05419921875
1 0.5763888888888888 0.23828125 0.048611111111111105 0.0595703125
1 0.43479938271604934 0.59326171875 0.25308641975308643 0.61328125
1 0.6087962962962963 0.185302734375 0.035493827160493825 0.04541015625
1 0.5549768518518519 0.20849609375 0.03587962962962963 0.0361328125
1 0.5362654320987654 0.18994140625 0.030864197530864196 0.0390625
1 0.5688657407407407 0.164306640625 0.024305555555555552 0.02392578125
1 0.5252700617283951 0.168212890625 0.02507716049382716 0.02783203125
1 0.5217978395061728 0.154296875 0.02044753086419753 0.0166015625
1 0.5518904320987654 0.15283203125 0.016589506172839504 0.0205078125
1 0.5339506172839505 0.142822265625 0.017746913580246913 0.02001953125
1 0.5223765432098765 0.135498046875 0.015432098765432098 0.01611328125
1 0.5030864197530864 0.132568359375 0.013117283950617283 0.01806640625
1 0.4878472222222222 0.121826171875 0.01427469135802469 0.01416015625
1 0.5079089506172839 0.12255859375 0.015046296296296295 0.013671875
1 0.36844135802469136 0.224853515625 0.06790123456790123 0.04736328125
1 0.44502314814814814 0.1943359375 0.04359567901234568 0.0791015625
1 0.4984567901234568 0.213134765625 0.038580246913580245 0.04638671875
1 0.48302469135802467 0.190185546875 0.03009259259259259 0.03466796875
1 0.48167438271604934 0.169677734375 0.027391975308641972 0.02587890625
1 0.47781635802469136 0.149658203125 0.021219135802469133 0.01708984375
1 0.45023148148148145 0.13623046875 0.015432098765432098 0.0205078125
1 0.4708719135802469 0.1337890625 0.018132716049382713 0.0166015625
0 0.4236111111111111 0.150634765625 0.007716049382716049 0.01806640625
0 0.43576388888888884 0.143798828125 0.008101851851851851 0.02099609375
1 0.44579475308641975 0.120361328125 0.013503086419753086 0.01123046875
1 0.46084104938271603 0.11279296875 0.010416666666666666 0.01171875
1 0.4664351851851852 0.121826171875 0.011574074074074073 0.01025390625
