1 0.516396604938 0.777099609375 0.17708333333299997 0.26123046875
1 0.547839506173 0.4697265625 0.10262345678999994 0.146484375
0 0.27179783950599995 0.5107421875 0.03510802469140004 0.1279296875
0 0.310763888889 0.357421875 0.026620370370400017 0.0927734375
0 0.337384259259 0.3330078125 0.028935185185200007 0.0869140625
0 0.76774691358 0.384765625 0.03626543209879999 0.111328125
1 0.193865740741 0.9228515625 0.226466049383 0.146484375
1 0.04745370370370001 0.5869140625 0.0902777777778 0.171875
0 0.6533564814809999 0.255126953125 0.021990740740700038 0.06787109375
0 0.881944444444 0.26806640625 0.021604938271600024 0.0634765625
1 0.453317901235 0.326171875 0.07638888888889994 0.08984375
1 0.476658950617 0.251220703125 0.054398148148100074 0.05810546875
1 0.226466049383 0.3271484375 0.07793209876539998 0.0859375
1 0.36554783950599995 0.241943359375 0.045138888888900025 0.05419921875
1 0.42746913580199997 0.23974609375 0.04938271604939991 0.05859375
1 0.505979938272 0.205810546875 0.03819444444440005 0.04541015625
1 0.55787037037 0.22509765625 0.0702160493826999 0.134765625
1 0.38869598765399993 0.22119140625 0.03433641975310001 0.0439453125
1 0.387152777778 0.18701171875 0.028935185185200007 0.029296875
1 0.407407407407 0.174560546875 0.02546296296299998 0.03173828125
1 0.421875 0.167236328125 0.021990740740700038 0.02392578125
1 0.450810185185 0.164794921875 0.021990740740700038 0.02001953125
1 0.43904320987699996 0.2138671875 0.03626543209879999 0.0390625
1 0.514081790123 0.170166015625 0.023533950617299914 0.02099609375
1 0.524112654321 0.155029296875 0.020447530864199984 0.02294921875
1 0.55574845679 0.129638671875 0.01504629629629998 0.01611328125
