0 0.209114583333 0.7777777777780001 0.0421875 0.18888888888900005
0 0.17890625 0.692592592593 0.038020833333299996 0.187037037037
0 0.166145833333 0.441203703704 0.01875 0.08611111111109995
0 0.838802083333 0.311574074074 0.01822916666670006 0.06944444444440002
0 0.774479166667 0.277314814815 0.013541666666700062 0.06388888888890006
0 0.649479166667 0.218518518519 0.010416666666700061 0.046296296296299985
0 0.7375 0.265740740741 0.013541666666700062 0.06481481481479998
1 0.438802083333 0.706018518519 0.14739583333299996 0.293518518519
1 0.61796875 0.727777777778 0.21302083333300004 0.38518518518500017
1 0.90234375 0.875925925926 0.19427083333300008 0.2148148148150001
1 0.745572916667 0.666203703704 0.1911458333330001 0.2712962962959999
1 0.596354166667 0.49212962963000006 0.11770833333300008 0.156481481481
1 0.426822916667 0.4388888888890001 0.1015625 0.16111111111100002
1 0.30234375 0.506481481481 0.09322916666670003 0.20740740740700003
1 0.511197916667 0.38518518518500006 0.08177083333330006 0.11481481481499999
1 0.47265625 0.313425925926 0.0546875 0.07685185185189997
1 0.434375 0.278240740741 0.046875 0.06388888888890006
1 0.959375 0.405555555556 0.08020833333329994 0.08148148148150001
1 0.3421875 0.205092592593 0.020833333333300057 0.03240740740739999
1 0.35625 0.214351851852 0.022916666666699944 0.03981481481480003
1 0.391666666667 0.211574074074 0.025 0.03981481481480003
1 0.41796875 0.250462962963 0.030729166666699944 0.050925925925900006
1 0.447135416667 0.189814814815 0.0296875 0.03703703703699999
1 0.44427083333299994 0.15787037037 0.017708333333299936 0.026851851851900012
1 0.427083333333 0.157407407407 0.016666666666699942 0.020370370370400005
0 0.60078125 0.20231481481500002 0.0078125 0.037962962963000016
0 0.525 0.176388888889 0.007291666666669983 0.026851851851900012
