0 0.6388020833333333 0.5314814814810002 0.01614583333333333 0.08518518518519992
0 0.621875 0.514814814815 0.021875 0.144444444444
0 0.3619791666666667 0.24629629629600003 0.0125 0.04814814814810002
0 0.34322916666666664 0.236111111111 0.0125 0.05
0 0.4197916666666667 0.201388888889 0.0125 0.037962962963000016
0 0.9755208333333333 0.831481481481 0.04895833333333333 0.187037037037
1 0.5346354166666667 0.516666666667 0.1015625 0.16851851851900002
1 0.26484375 0.6814814814810001 0.22343749999999998 0.3592592592589999
1 0.2640625 0.411574074074 0.10520833333333333 0.10833333333300006
1 0.40234375 0.276388888889 0.06510416666666667 0.06203703703699998
1 0.4981770833333333 0.21203703703700003 0.034895833333333334 0.040740740740700006
1 0.5924479166666666 0.24583333333300003 0.0421875 0.054629629629600024
1 0.6885416666666666 0.221759259259 0.028125 0.0398148148148
1 0.6473958333333333 0.220833333333 0.029166666666666667 0.0342592592593
1 0.609375 0.21203703703700003 0.02395833333333333 0.040740740740700006
1 0.621875 0.196296296296 0.025 0.03703703703699999
1 0.665625 0.19212962963 0.022916666666666665 0.026851851851900012
1 0.5606770833333333 0.187037037037 0.0296875 0.040740740740700006
1 0.5575520833333333 0.15509259259300004 0.011979166666666666 0.026851851851900012
1 0.5716145833333334 0.15138888888900004 0.01614583333333333 0.02314814814809999
