1 0.421875 0.755092592593 0.18020833333333333 0.3157407407410001
1 0.11875 0.8569444444440001 0.234375 0.2842592592589999
1 0.7083333333333334 0.8412037037040001 0.14895833333333333 0.3157407407409999
1 0.08177083333333333 0.503240740741 0.15208333333333332 0.14537037037000006
1 0.38203125 0.50787037037 0.16822916666666665 0.15462962962999996
1 0.35494791666666664 0.405092592593 0.1328125 0.11388888888900005
1 0.039322916666666666 0.401851851852 0.0765625 0.0685185185185
0 0.8364583333333333 0.60462962963 0.03333333333333333 0.15370370370399994
1 0.6513020833333333 0.34537037037 0.0515625 0.08888888888889994
1 0.5106770833333333 0.333796296296 0.0765625 0.106481481481
1 0.5440104166666666 0.287037037037 0.0453125 0.06666666666670004
1 0.5739583333333333 0.262962962963 0.0375 0.05740740740740002
1 0.5921875 0.235185185185 0.03125 0.04814814814809999
1 0.6510416666666666 0.22685185185199996 0.03125 0.04074074074069998
1 0.6015625 0.22037037037 0.027083333333333334 0.04074074074069998
1 0.6263020833333334 0.193981481481 0.021354166666666667 0.02870370370370002
1 0.6638020833333333 0.198148148148 0.024479166666666666 0.03518518518520003
1 0.46848958333333335 0.238888888889 0.04114583333333333 0.061111111111100035
1 0.5158854166666667 0.213425925926 0.0359375 0.03981481481480003
1 0.5153645833333333 0.189814814815 0.0296875 0.03148148148150001
1 0.55625 0.158333333333 0.019791666666666666 0.029629629629599998
1 0.57265625 0.154166666667 0.019270833333333334 0.026851851851900012
0 0.38046875 0.21203703703700003 0.009895833333333333 0.04444444444440002
0 0.4419270833333333 0.189814814815 0.0078125 0.0388888888889
0 0.47239583333333335 0.193981481481 0.009375 0.041666666666699985
0 0.4778645833333333 0.182407407407 0.0067708333333333336 0.03148148148150001
0 0.4921875 0.17314814814800003 0.007291666666666667 0.03333333333330002
