0 0.5461033950617283 0.48779296875 0.03125 0.125
0 0.6521990740740741 0.519287109375 0.04359567901234568 0.14208984375
0 0.6909722222222222 0.5146484375 0.044753086419753084 0.1484375
0 0.7058256172839505 0.465087890625 0.03510802469135802 0.13134765625
1 0.8335262345679012 0.357421875 0.09297839506172839 0.08984375
1 0.7727623456790123 0.317626953125 0.0794753086419753 0.07177734375
1 0.9209104938271604 0.412353515625 0.10802469135802469 0.09912109375
1 0.6388888888888888 0.259765625 0.057870370370370364 0.068359375
0 0.5183256172839505 0.459716796875 0.04359567901234568 0.11474609375
0 0.29668209876543206 0.51025390625 0.033950617283950615 0.1064453125
0 0.34606481481481477 0.445556640625 0.033950617283950615 0.09326171875
1 0.4562114197530864 0.25341796875 0.04976851851851852 0.048828125
1 0.5333719135802469 0.2470703125 0.04899691358024691 0.044921875
1 0.4232253086419753 0.207763671875 0.033950617283950615 0.03466796875
1 0.48341049382716045 0.208740234375 0.03626543209876543 0.03662109375
1 0.43614969135802467 0.18115234375 0.02662037037037037 0.0263671875
1 0.5258487654320987 0.211181640625 0.043209876543209874 0.03564453125
1 0.5206404320987654 0.173583984375 0.027391975308641972 0.02978515625
1 0.5779320987654321 0.17041015625 0.035493827160493825 0.033203125
1 0.6080246913580246 0.14697265625 0.023148148148148147 0.0234375
1 0.4793595679012345 0.18408203125 0.02970679012345679 0.0263671875
