1 0.5011574074074073 0.410888671875 0.09645061728395062 0.11474609375
0 0.23032407407407407 0.48779296875 0.044753086419753084 0.1220703125
0 0.12133487654320987 0.47119140625 0.03125 0.1435546875
0 0.05054012345679012 0.506103515625 0.043209876543209874 0.15576171875
0 0.3682484567901234 0.280029296875 0.03125 0.08544921875
1 0.8271604938271604 0.42919921875 0.15277777777777776 0.2333984375
1 0.80054012345679 0.299560546875 0.0794753086419753 0.07177734375
1 0.6697530864197531 0.271240234375 0.06867283950617284 0.07958984375
1 0.7395833333333333 0.248779296875 0.06327160493827161 0.06982421875
1 0.7011959876543209 0.2119140625 0.04822530864197531 0.0458984375
1 0.6134259259259259 0.1748046875 0.035493827160493825 0.03515625
1 0.8260030864197531 0.184814453125 0.035493827160493825 0.03271484375
1 0.7116126543209876 0.15869140625 0.060570987654320986 0.07421875
1 0.6753472222222222 0.15771484375 0.022762345679012343 0.0322265625
1 0.6649305555555555 0.14013671875 0.022762345679012343 0.0244140625
1 0.6359953703703703 0.108642578125 0.02044753086419753 0.01806640625
1 0.5048225308641975 0.246337890625 0.05131172839506173 0.05615234375
0 0.30902777777777773 0.249755859375 0.021604938271604937 0.06103515625
0 0.2804783950617284 0.23876953125 0.017746913580246913 0.05859375
1 0.5493827160493827 0.12939453125 0.023148148148148147 0.0244140625
1 0.5003858024691358 0.14453125 0.05555555555555555 0.0673828125
1 0.5673225308641975 0.102294921875 0.018132716049382713 0.02294921875
1 0.6147762345679012 0.091796875 0.01427469135802469 0.0224609375
1 0.4847608024691358 0.104248046875 0.016589506172839504 0.01513671875
1 0.5360725308641975 0.102294921875 0.03047839506172839 0.04736328125
