1 0.684640522875817 0.4345703125 0.10702614379084968 0.10546875
1 0.5251225490196079 0.486328125 0.10825163398692811 0.1435546875
1 0.28594771241830064 0.4697265625 0.1315359477124183 0.119140625
1 0.46875 0.7001953125 0.19240196078431374 0.216796875
1 0.7128267973856209 0.5634765625 0.17238562091503268 0.1787109375
1 0.8780637254901961 0.847412109375 0.22916666666666669 0.30419921875
1 0.5089869281045751 0.904052734375 0.3300653594771242 0.19091796875
0 0.3823529411764706 0.33544921875 0.03594771241830066 0.091796875
0 0.3511029411764706 0.340576171875 0.044526143790849675 0.09326171875
0 0.3837826797385621 0.216796875 0.017565359477124183 0.048828125
0 0.4021650326797386 0.1875 0.01838235294117647 0.044921875
