1 0.369004360465 0.713088768116 0.16388081395300003 0.21422101449299993
1 0.66351744186 0.633378623188 0.17659883720899994 0.17980072463799998
1 0.73382994186 0.847599637681 0.256904069767 0.2513586956520001
1 0.369004360465 0.915307971014 0.22638081395300003 0.16847826086999998
1 0.8984375 0.646059782609 0.1878633720930001 0.17617753623200003
1 0.365007267442 0.403759057971 0.19149709302300003 0.08559782608699998
1 0.339389534884 0.510416666667 0.032703488372099965 0.10869565217399996
0 0.45257994186000006 0.49886775362300007 0.031613372092999956 0.11639492753599998
0 0.351744186047 0.470108695652 0.022529069767399972 0.08605072463769996
0 0.375 0.49026268115900007 0.03343023255810004 0.09918478260869998
0 0.452034883721 0.460144927536 0.030523255813999922 0.10688405797100002
0 0.555777616279 0.507019927536 0.031613372092999956 0.10914855072499996
0 0.551235465116 0.43161231884100004 0.02325581395349994 0.08423913043480001
0 0.630450581395 0.495697463768 0.03125 0.10552536231899999
0 0.701308139535 0.482336956522 0.028343023255800074 0.11684782608699998
0 0.738372093023 0.49592391304300004 0.024709302325599983 0.11413043478300001
0 0.795784883721 0.455163043478 0.02688953488370011 0.09057971014489999
0 0.86664244186 0.517663043478 0.028343023255800074 0.10869565217399996
0 0.908248546512 0.458333333333 0.025072674418600022 0.09510869565219997
1 0.888081395349 0.264492753623 0.05741279069769987 0.06521739130430002
1 0.7609011627909998 0.262454710145 0.047965116279099926 0.05117753623190002
1 0.638626453488 0.307291666667 0.06649709302329994 0.054800724637700006
1 0.619367732558 0.275135869565 0.04396802325580007 0.038496376811599974
