1 0.386766975309 0.492431640625 0.10609567901199997 0.13720703125
1 0.527199074074 0.4755859375 0.09992283950620003 0.1435546875
1 0.253665123457 0.861083984375 0.28819444444399994 0.27587890625
1 0.558834876543 0.908447265625 0.23804012345699993 0.18212890625
0 0.22472993827199997 0.645751953125 0.052083333333299994 0.14501953125
0 0.766782407407 0.388916015625 0.03202160493830002 0.09521484375
0 0.6603009259259999 0.257568359375 0.026620370370400017 0.06982421875
1 0.833719135802 0.33447265625 0.14429012345699996 0.07421875
1 0.816936728395 0.28662109375 0.12384259259299997 0.07421875
1 0.528163580247 0.359619140625 0.07716049382719996 0.08837890625
1 0.52700617284 0.287353515625 0.05401234567900006 0.05908203125
1 0.5461033950619999 0.230224609375 0.03587962962959998 0.04052734375
1 0.47858796296299994 0.241455078125 0.055169753086399924 0.07666015625
1 0.14525462963 0.45361328125 0.117669753086 0.1455078125
1 0.22627314814799998 0.320556640625 0.06983024691359999 0.09521484375
1 0.369984567901 0.23779296875 0.04552469135799995 0.0478515625
1 0.42380401234599996 0.23681640625 0.04976851851849992 0.0595703125
1 0.44174382715999994 0.214111328125 0.037808641975300046 0.04345703125
1 0.370949074074 0.20361328125 0.02816358024689998 0.0400390625
1 0.39081790123499993 0.19140625 0.02777777777779997 0.03125
1 0.43422067901199995 0.181640625 0.02816358024690007 0.0263671875
1 0.316358024691 0.206298828125 0.08564814814809998 0.10302734375
1 0.5709876543209998 0.19677734375 0.032407407407400037 0.03125
1 0.538966049383 0.181884765625 0.026234567901200004 0.02099609375
1 0.545910493827 0.15771484375 0.021604938271600024 0.021484375
1 0.517554012346 0.164794921875 0.025077160493799964 0.01806640625
1 0.52700617284 0.139892578125 0.02237654320990005 0.01611328125
1 0.5515046296299999 0.12646484375 0.015817901234600005 0.0126953125
1 0.499035493827 0.21142578125 0.03202160493830002 0.0361328125
1 0.449074074074 0.146728515625 0.023919753086399927 0.01806640625
1 0.531635802469 0.1201171875 0.015432098765399992 0.0126953125
