1 0.37806372549019607 0.43994140625 0.1417483660130719 0.154296875
1 0.5649509803921569 0.326171875 0.08660130718954248 0.08203125
1 0.4534313725490196 0.278076171875 0.06535947712418301 0.06591796875
1 0.6062091503267975 0.26123046875 0.058823529411764705 0.056640625
1 0.5968137254901961 0.217041015625 0.04820261437908497 0.04150390625
1 0.5018382352941176 0.19189453125 0.037173202614379085 0.0400390625
1 0.6176470588235294 0.176025390625 0.03594771241830066 0.04736328125
1 0.516952614379085 0.9091796875 0.34354575163398693 0.1806640625
1 0.5126633986928105 0.152099609375 0.028594771241830068 0.03076171875
1 0.5508578431372549 0.157470703125 0.030637254901960786 0.03076171875
1 0.5245098039215687 0.1318359375 0.018790849673202614 0.01953125
