0 0.166927083333 0.750925925926 0.038020833333299996 0.18518518518499993
0 0.150260416667 0.6958333333330001 0.0348958333333 0.16759259259299997
0 0.06640625 0.646296296296 0.0317708333333 0.14814814814799995
0 0.161197916667 0.486574074074 0.0234375 0.125
1 0.285677083333 0.603240740741 0.12135416666700002 0.30277777777800013
1 0.532552083333 0.6574074074070001 0.1859375 0.311111111111
1 0.897916666667 0.883796296296 0.2 0.230555555556
1 0.7518229166669999 0.683333333333 0.20052083333300008 0.2777777777779999
1 0.609895833333 0.520833333333 0.13020833333300008 0.17129629629600004
1 0.530989583333 0.41620370370400006 0.09739583333329993 0.125
1 0.491927083333 0.335185185185 0.06302083333330005 0.0907407407407
1 0.456770833333 0.301388888889 0.053125 0.07314814814810004
1 0.434635416667 0.2717592592590001 0.04010416666669994 0.058333333333299965
1 0.421875 0.253240740741 0.0375 0.05833333333329999
1 0.3765625 0.290277777778 0.044791666666700064 0.06574074074070001
1 0.317708333333 0.29120370370400006 0.046875 0.07129629629629998
1 0.626041666667 0.325 0.07291666666670006 0.0777777777778
1 0.821875 0.39537037037 0.1260416666669999 0.10555555555599999
1 0.96171875 0.406018518519 0.07552083333329994 0.0842592592593
0 0.886979166667 0.343055555556 0.019791666666700063 0.08240740740740005
0 0.960677083333 0.355092592593 0.019270833333299937 0.075
0 0.690364583333 0.23842592592600004 0.013020833333299937 0.0490740740741
0 0.66796875 0.269907407407 0.016145833333299938 0.04907407407409997
0 0.571354166667 0.214351851852 0.011458333333299937 0.037962962963000016
0 0.5408854166669999 0.18657407407400003 0.009895833333330018 0.0342592592593
1 0.383854166667 0.20462962963 0.028125 0.040740740740700006
1 0.34791666666699994 0.20046296296300004 0.027083333333300055 0.037962962963000016
1 0.36015625 0.172222222222 0.0171875 0.02777777777779999
0 0.509375 0.17685185185200003 0.009375 0.029629629629599998
1 0.441927083333 0.159259259259 0.018229166666699943 0.02777777777779999
1 0.426822916667 0.156944444444 0.0171875 0.02314814814809999
