1 0.30497685185185186 0.863525390625 0.21952160493827158 0.27197265625
1 0.5501543209876543 0.783935546875 0.16512345679012344 0.25341796875
1 0.7309027777777778 0.62744140625 0.16010802469135801 0.1875
1 0.5189043209876543 0.478759765625 0.11728395061728394 0.14990234375
1 0.3603395061728395 0.51708984375 0.11805555555555555 0.146484375
1 0.4249614197530864 0.3720703125 0.06983024691358024 0.0732421875
1 0.6194058641975309 0.37890625 0.10146604938271604 0.1083984375
1 0.5048225308641975 0.2978515625 0.06751543209876543 0.0625
1 0.41840277777777773 0.29248046875 0.06751543209876543 0.0732421875
1 0.42052469135802467 0.244384765625 0.057870370370370364 0.05029296875
1 0.49787808641975306 0.25830078125 0.05054012345679012 0.056640625
1 0.5470679012345678 0.21923828125 0.04089506172839506 0.0517578125
1 0.9168595679012345 0.53759765625 0.16628086419753085 0.193359375
1 0.7255015432098765 0.347900390625 0.09143518518518517 0.09326171875
1 0.8416280864197531 0.29443359375 0.07523148148148148 0.05859375
1 0.7521219135802468 0.2900390625 0.06597222222222222 0.0576171875
1 0.7662037037037036 0.25244140625 0.05246913580246913 0.041015625
1 0.9375 0.333984375 0.11728395061728394 0.18359375
1 0.6637731481481481 0.24462890625 0.09683641975308642 0.1416015625
1 0.49980709876543206 0.20556640625 0.03819444444444444 0.037109375
1 0.4211033950617284 0.19921875 0.05285493827160494 0.0693359375
