1 0.37114197530900006 0.556640625 0.139660493827 0.1796875
1 0.5135030864199999 0.446044921875 0.1010802469139999 0.12939453125
1 0.44483024691399997 0.340576171875 0.07716049382719996 0.09033203125
1 0.532600308642 0.27880859375 0.05825617283950003 0.0791015625
1 0.506365740741 0.894775390625 0.197916666667 0.20947265625
0 0.856481481481 0.39794921875 0.03009259259259996 0.1064453125
0 0.199459876543 0.337890625 0.023148148148099987 0.0751953125
1 0.32619598765399993 0.269775390625 0.06288580246910001 0.06884765625
0 0.7218364197529998 0.2734375 0.019290123456799948 0.0595703125
0 0.707561728395 0.24853515625 0.016203703703700018 0.0458984375
0 0.21662808642 0.271728515625 0.02121913580250001 0.05615234375
1 0.413773148148 0.201416015625 0.0366512345679 0.03466796875
1 0.44888117284 0.170654296875 0.027391975308600044 0.02783203125
1 0.525848765432 0.175048828125 0.02854938271600008 0.03759765625
1 0.556134259259 0.161376953125 0.023533950617299914 0.02978515625
1 0.5393518518519999 0.13916015625 0.016203703703700018 0.017578125
1 0.537422839506 0.12548828125 0.012345679012300064 0.0146484375
0 0.566358024691 0.13818359375 0.009259259259259961 0.0185546875
1 0.39274691358 0.16943359375 0.05941358024689998 0.068359375
1 0.443479938272 0.15478515625 0.02121913580250001 0.0205078125
1 0.46585648148099995 0.14208984375 0.019675925925899958 0.025390625
1 0.483024691358 0.12744140625 0.013117283950599915 0.0146484375
1 0.4978780864199999 0.129638671875 0.01504629629629998 0.02197265625
1 0.508680555556 0.1259765625 0.012731481481500077 0.0166015625
1 0.494405864198 0.121826171875 0.009645061728399974 0.01318359375
