1 0.463235294118 0.83203125 0.22467320261399995 0.2734375
1 0.799632352941 0.805419921875 0.2667483660129999 0.28369140625
0 0.515318627451 0.5068359375 0.051062091503299926 0.16015625
0 0.338031045752 0.568115234375 0.04861111111109997 0.15380859375
0 0.296568627451 0.554931640625 0.052287581699299965 0.15869140625
1 0.485294117647 0.181396484375 0.03431372549019998 0.03564453125
1 0.43709150326800006 0.189453125 0.04003267973859999 0.0361328125
1 0.330882352941 0.2392578125 0.11928104575200003 0.0537109375
1 0.483251633987 0.144775390625 0.024509803921600022 0.02978515625
1 0.0271650326797 0.2529296875 0.05433006535950001 0.0556640625
