3 0.58984375 0.6771428571428572 0.74609375 0.6171428571428571
3 0.1650390625 0.6592857142857143 0.328125 0.5271428571428571
3 0.95703125 0.705 0.0859375 0.55
0 0.9765625 0.35428571428571426 0.046875 0.12571428571428572
0 0.89013671875 0.36214285714285716 0.1357421875 0.25285714285714284
0 0.75390625 0.3757142857142857 0.056640625 0.15142857142857144
0 0.7158203125 0.425 0.06640625 0.09857142857142857
0 0.482421875 0.4107142857142857 0.08203125 0.10142857142857142
0 0.310546875 0.4228571428571429 0.056640625 0.09142857142857143
0 0.0859375 0.40714285714285714 0.0703125 0.10285714285714286
0 0.21435546875 0.31857142857142856 0.1279296875 0.27714285714285714
0 0.33544921875 0.3407142857142857 0.0927734375 0.16142857142857142
0 0.4609375 0.32071428571428573 0.138671875 0.17857142857142858
0 0.623046875 0.315 0.12890625 0.2785714285714286
0 0.79150390625 0.31857142857142856 0.0732421875 0.18571428571428572
0 0.98388671875 0.33785714285714286 0.0322265625 0.11857142857142858
