3 0.46923828125 0.419921875 0.8916015625 0.6080729166666666
0 0.4345703125 0.16796875 0.130859375 0.14322916666666666
0 0.8916015625 0.4173177083333333 0.048828125 0.09765625
0 0.85205078125 0.435546875 0.0498046875 0.10286458333333333
0 0.80615234375 0.43619791666666663 0.0439453125 0.08854166666666666
0 0.755859375 0.35807291666666663 0.060546875 0.1171875
0 0.93408203125 0.392578125 0.0361328125 0.10286458333333333
0 0.96484375 0.3984375 0.03125 0.08072916666666666
0 0.98046875 0.4446614583333333 0.0390625 0.08723958333333333
0 0.63720703125 0.3899739583333333 0.0419921875 0.07942708333333333
0 0.20654296875 0.3313802083333333 0.0380859375 0.06640625
0 0.23291015625 0.32096354166666663 0.0283203125 0.06640625
0 0.13916015625 0.3118489583333333 0.0419921875 0.08984375
0 0.10400390625 0.349609375 0.0400390625 0.07421875
0 0.076171875 0.31705729166666663 0.037109375 0.08463541666666666
0 0.01904296875 0.34830729166666663 0.0361328125 0.10286458333333333
0 0.015625 0.4296875 0.029296875 0.09114583333333333
0 0.017578125 0.47330729166666663 0.033203125 0.07161458333333333
