3 0.37744140625 0.5928571428571429 0.6376953125 0.46
3 0.8095703125 0.5957142857142858 0.375 0.4657142857142857
0 0.806640625 0.36857142857142855 0.056640625 0.11428571428571428
0 0.85693359375 0.3314285714285714 0.0283203125 0.09714285714285714
0 0.93701171875 0.2985714285714286 0.1025390625 0.18857142857142858
0 0.9619140625 0.2292857142857143 0.05078125 0.13857142857142857
0 0.6328125 0.3492857142857143 0.052734375 0.16714285714285715
0 0.53564453125 0.3464285714285714 0.0908203125 0.17857142857142858
0 0.375 0.29928571428571427 0.08984375 0.19285714285714287
0 0.42919921875 0.24571428571428572 0.0634765625 0.1457142857142857
0 0.2568359375 0.35928571428571426 0.048828125 0.08714285714285715
0 0.18359375 0.36857142857142855 0.056640625 0.1
0 0.10888671875 0.3628571428571429 0.0791015625 0.12285714285714286
0 0.0224609375 0.2835714285714286 0.04296875 0.11285714285714285
