3 0.4666666666666667 0.7592067988668556 0.8708333333333333 0.4362606232294618
3 0.921875 0.6912181303116147 0.14791666666666667 0.22662889518413598
0 0.9552083333333333 0.5835694050991501 0.022916666666666665 0.056657223796033995
0 0.9885416666666667 0.5708215297450425 0.01875 0.053824362606232294
0 0.7322916666666667 0.45750708215297453 0.06458333333333333 0.14447592067988668
0 0.615625 0.443342776203966 0.04791666666666666 0.0878186968838527
0 0.6 0.4079320113314448 0.041666666666666664 0.056657223796033995
0 0.44166666666666665 0.4348441926345609 0.0625 0.1161473087818697
0 0.28541666666666665 0.5184135977337111 0.04583333333333333 0.0679886685552408
0 0.15833333333333333 0.5212464589235127 0.041666666666666664 0.0679886685552408
0 0.011458333333333333 0.5623229461756374 0.01875 0.042492917847025496
