3 0.16357421875 0.5226939970717424 0.3251953125 0.3718887262079063
3 0.8232421875 0.5300146412884335 0.345703125 0.4011713030746706
3 0.62353515625 0.5285505124450952 0.1201171875 0.1903367496339678
3 0.55712890625 0.520497803806735 0.0478515625 0.13030746705710103
3 0.5244140625 0.5292825768667643 0.029296875 0.08931185944363104
3 0.51513671875 0.5161054172767203 0.0244140625 0.07174231332357248
3 0.33203125 0.527818448023426 0.099609375 0.16544655929721816
3 0.380859375 0.5183016105417277 0.033203125 0.09956076134699854
3 0.39794921875 0.5175695461200586 0.0224609375 0.08931185944363104
0 0.779296875 0.3931185944363104 0.06640625 0.10980966325036604
0 0.85888671875 0.3953147877013177 0.0302734375 0.06442166910688141
0 0.21337890625 0.3740849194729136 0.0185546875 0.04538799414348463
0 0.13916015625 0.335285505124451 0.0283203125 0.04978038067349927
0 0.318359375 0.424597364568082 0.029296875 0.02635431918008785
0 0.2646484375 0.4150805270863836 0.025390625 0.08052708638360176
0 0.640625 0.43265007320644217 0.029296875 0.06881405563689605
0 0.57470703125 0.46046852122986826 0.0244140625 0.05124450951683748
