3 0.54 0.629798903107861 0.905 0.5429616087751371
3 0.14 0.596892138939671 0.2775 0.5210237659963437
0 0.091875 0.3062157221206581 0.08875 0.14076782449725778
0 0.39687500000000003 0.27513711151736747 0.08125 0.20658135283363802
0 0.460625 0.4031078610603291 0.04875 0.08957952468007313
0 0.50125 0.2340036563071298 0.0925 0.24862888482632542
0 0.6175 0.3080438756855576 0.1125 0.1992687385740402
0 0.731875 0.3235831809872029 0.14125000000000001 0.21572212065813529
0 0.690625 0.2522851919561243 0.04625 0.10968921389396709
0 0.78 0.3053016453382084 0.085 0.16087751371115175
0 0.8575 0.3071297989031079 0.1075 0.15722120658135283
0 0.98375 0.3382084095063985 0.0325 0.07312614259597806
