2007_003503 0.012164 96.353279 82.675606 350.757172 247.321442
2007_004049 0.006509 2.676788 15.998154 371.440430 467.832153
2007_004831 0.005618 97.945724 5.925354 375.740112 327.067932
2008_000480 0.007558 128.447998 120.173981 221.335632 285.242645
2008_000519 0.013958 6.323761 74.045898 364.630493 306.108826
2008_000854 0.316441 311.908325 81.967834 380.527344 119.262115
2008_000880 0.005934 1.000000 108.437019 164.692230 174.448792
2008_001021 0.005273 101.022949 193.862854 362.690216 500.000000
2008_001531 0.009048 107.323044 31.952034 368.604187 270.043182
2008_003136 0.005361 113.107574 68.033707 400.000000 398.819885
2008_003141 0.018472 8.268433 181.620193 137.720200 329.132202
2008_005923 0.008114 74.224350 104.150955 206.687881 179.197952
2008_006257 0.037647 1.000000 45.022324 430.000000 385.086426
2008_006265 0.999601 1.000000 26.180069 500.000000 305.925476
2008_006408 0.005847 5.903564 82.373734 284.785919 383.598389
2008_006692 0.005715 104.613541 229.952988 167.319107 271.897034
2009_000683 0.008244 205.974594 75.629532 428.797791 281.704285
2009_002752 0.532582 13.013870 124.016876 497.549438 257.856232
2009_002752 0.070371 1.000000 48.179695 341.323792 150.559143
2009_003900 0.022537 136.246246 135.225540 178.528748 290.326538
2010_001263 0.192412 25.603531 1.000000 486.127686 375.000000
2010_003054 0.999615 146.656830 48.731522 363.496002 126.055725
2010_004601 0.027874 331.673584 181.709915 491.219055 252.835129
2010_004601 0.008894 68.767700 81.050339 479.264038 246.095657
2011_000095 0.005654 1.000000 222.495987 221.408844 349.421600
2011_001730 0.006421 67.048523 53.570312 348.569366 261.650360
2011_002956 0.099399 367.504181 234.682175 498.443695 375.000000
2011_005150 0.007439 110.871758 187.287704 348.265564 472.073059
2011_005613 0.851056 25.168968 399.443054 247.260895 456.610657
2011_005967 0.007879 1.000000 128.023529 210.930878 282.016144
2012_002693 0.021354 63.710342 116.947189 261.423584 313.851135
2012_002798 0.005365 216.267731 94.114288 500.000000 366.131683
2012_003453 0.007617 43.995667 1.000000 320.456665 500.000000
2012_003627 0.363285 1.000000 125.404381 424.866882 254.843506
airplane_a0004 0.946808 12.575623 63.546448 597.996338 313.499756
airplane_a0005 0.999994 1.000000 33.177315 450.000000 266.306000
airplane_a0006 0.516038 234.810287 170.280380 306.501465 215.048569
airplane_a0006 0.372229 344.151062 114.038597 429.129456 159.083923
airplane_a0006 0.114269 336.291199 204.298462 410.066467 243.823730
airplane_a0006 0.065024 313.324799 54.028557 387.009003 104.670525
airplane_a0006 0.063985 260.167114 93.799622 323.714661 125.488037
airplane_a0006 0.016056 157.183243 106.652443 270.790894 151.639709
airplane_a0006 0.015375 280.200714 231.889999 331.055756 265.999847
airplane_a0014 0.999572 148.338959 129.978424 903.669067 445.330658
airplane_a0014 0.010636 210.131775 297.195892 869.314026 456.634247
airplane_a0015 0.840706 1.000000 107.670837 991.056030 527.028381
airplane_a0016 0.999649 17.524628 28.469154 425.971222 229.093445
airplane_a0016 0.207199 48.260582 44.425510 276.640350 124.612976
airplane_a0024 0.999584 1.000000 103.306198 1200.000000 587.299072
airplane_a0025 0.923217 266.950378 504.398987 532.952393 706.490784
airplane_a0025 0.025980 289.308533 541.410461 515.671204 645.537659
airplane_a0025 0.006086 98.519966 518.692322 319.874603 603.162659
airplane_a0026 0.999866 1.000000 14.229248 669.351074 392.686737
airplane_a0034 0.948325 47.230743 145.264755 1027.341919 464.901062
airplane_a0035 0.999974 91.049316 150.845383 1188.961914 588.762207
airplane_a0035 0.044198 712.458984 231.021271 1231.313110 431.693390
airplane_a0036 0.999504 67.861725 150.238388 971.899292 528.858154
airplane_a0044 0.997489 29.685455 82.851196 916.458496 424.451202
airplane_a0054 0.999989 50.128510 148.886627 599.702026 383.627899
airplane_a0055 0.999946 5.572510 46.478035 450.000000 219.698669
airplane_a0056 0.999990 21.474609 150.663757 1280.000000 683.130981
airplane_a0064 0.999967 1.000000 71.253357 1024.000000 494.720032
airplane_a0065 0.999922 1.000000 120.618896 1024.000000 489.320496
airplane_a0066 0.999118 46.008667 120.423737 1136.409668 615.669189
airplane_a0074 0.965366 130.137573 116.646362 1024.000000 520.820129
airplane_a0074 0.607866 415.486938 218.192841 953.367310 497.836151
airplane_a0075 0.990566 186.129547 267.025543 1120.336060 541.742188
airplane_a0076 0.999791 136.743286 268.934814 2031.622192 1171.771240
airplane_a0084 0.999992 70.531250 177.174927 440.533966 365.066467
airplane_a0085 0.980497 1.000000 44.645752 512.231079 324.723145
airplane_a0086 0.972816 237.273376 256.446289 764.623596 431.411926
airplane_a0086 0.008062 3.349182 212.213638 821.901611 479.250732
airplane_a0094 0.999993 24.806580 27.629242 487.440002 262.173767
airplane_a0095 0.692406 29.328789 161.099152 269.584564 246.119934
airplane_a0095 0.191090 323.021362 166.546188 600.000000 318.959351
airplane_a0095 0.050715 469.425446 171.352478 598.570740 248.303467
airplane_a0095 0.005115 70.379913 175.176239 230.478271 226.932495
airplane_a0096 0.999967 1.000000 147.445511 697.725220 409.484741
airplane_a0104 0.999844 264.404877 159.881317 825.929199 400.739838
airplane_a0106 0.999967 1.000000 196.722809 1185.538574 622.584229
airplane_a0114 0.999972 1.000000 22.754044 623.000000 376.559448
airplane_a0115 0.999990 167.550186 75.788788 502.069885 166.591095
airplane_a0115 0.999813 55.394928 132.486298 600.000000 345.633820
airplane_a0116 0.999992 20.985016 143.314011 640.951050 349.327637
airplane_a0124 0.025293 204.466095 77.396133 236.894165 108.285614
airplane_a0124 0.005885 170.161316 208.436020 208.007751 266.202118
airplane_a0125 0.999848 1.000000 83.735039 600.000000 286.175690
airplane_a0126 0.087542 34.080811 97.844604 1084.686768 619.594666
airplane_a0134 0.999967 30.790588 1.000000 495.838135 307.443237
airplane_a0135 0.999994 78.491913 132.713654 1024.000000 492.653839
airplane_a0144 0.999974 25.142822 23.073257 700.634216 444.334839
airplane_a0145 0.999445 68.984192 29.957870 1024.000000 417.313660
airplane_a0146 0.999989 179.269104 269.791534 1843.425781 847.928101
airplane_a0154 0.983475 92.779724 219.621002 1810.752441 736.457153
airplane_a0155 0.999969 107.035339 104.475174 940.280212 529.575073
airplane_a0156 0.999995 322.428497 224.742599 1146.901978 555.196472
airplane_a0164 0.998010 128.779602 69.182495 714.652039 520.230347
airplane_a0165 0.999996 1.000000 52.107269 640.000000 342.205475
airplane_a0166 0.999966 1.000000 48.262032 320.000000 168.506653
airplane_a0174 0.999032 121.500153 200.906998 766.113037 380.965637
airplane_a0174 0.008566 1.000000 235.727570 900.000000 405.257111
airplane_a0175 0.999956 1.000000 28.047325 414.309357 218.204712
airplane_a0176 0.997010 191.048218 169.826523 409.645020 255.829117
airplane_a0184 0.546919 1.000000 278.532043 750.000000 669.947205
airplane_a0185 0.999923 37.924988 99.579811 519.707886 262.185852
airplane_a0185 0.005625 368.528748 200.950317 427.754761 287.929199
airplane_a0186 0.999861 1.000000 103.107849 947.889404 477.508301
airplane_a0195 0.999988 1.000000 88.036148 599.637817 281.026855
airplane_a0196 0.999962 1.000000 112.389572 1024.000000 565.133850
airplane_a0204 0.999477 137.936584 731.424316 312.118744 852.037842
airplane_a0205 0.999997 13.310730 87.673950 927.576233 632.576904
airplane_a0206 0.979368 10.691895 37.504814 499.953888 193.553589
airplane_a0206 0.011408 42.180664 102.721970 452.294220 215.940689
airplane_a0215 0.999921 129.531601 22.002174 577.307861 224.562622
airplane_a0216 0.999857 265.969604 17.882706 901.455078 469.985535
airplane_a0224 0.999930 26.449677 223.426804 981.055420 678.684021
airplane_a0225 0.896515 1.000000 75.020050 449.181244 360.069611
airplane_a0226 0.995175 1.000000 104.498848 450.000000 333.096100
airplane_a0234 0.930382 539.378418 373.248230 722.132812 479.119019
airplane_a0235 0.999554 28.185669 107.272278 1154.416138 544.306458
airplane_a0236 0.999936 1.000000 97.993195 1200.000000 595.826172
airplane_a0244 0.999946 1.000000 63.774323 800.000000 408.579620
airplane_a0245 0.999849 37.050934 153.211609 981.328003 508.229553
airplane_a0246 0.998911 183.674667 44.209564 631.392700 579.945557
airplane_a0254 0.786691 151.028351 223.622879 886.935059 563.538635
airplane_a0255 0.999970 133.187531 46.722000 806.418945 542.220398
airplane_a0256 0.999994 143.837280 175.358185 615.824524 316.712677
airplane_a0256 0.999938 118.858765 558.073486 633.652771 693.544189
airplane_a0264 0.999947 224.537720 235.429214 1038.683838 489.997437
airplane_a0265 0.781358 460.319061 244.648651 552.508118 325.482635
airplane_a0266 0.827200 27.477020 99.247864 590.000000 263.737396
airplane_a0274 0.999953 288.495117 77.320084 1077.308228 542.218811
airplane_a0275 0.993711 38.305664 118.283875 748.087891 444.082825
airplane_a0276 0.999914 1.000000 189.168488 1500.000000 736.797363
airplane_a0284 0.957812 1.000000 195.615326 1800.000000 1082.285400
airplane_a0286 0.999991 41.865417 162.349640 960.000000 535.928467
airplane_a0294 0.999948 1.000000 3.873032 999.155273 460.876404
airplane_a0295 0.999989 1.000000 1.000000 1024.000000 556.475708
airplane_a0296 0.997740 23.016678 42.206429 450.000000 257.502289
airplane_a0304 0.999878 1.000000 63.239754 443.000000 252.837646
airplane_a0314 0.999910 4.331604 161.695602 1024.000000 469.460266
airplane_a0315 0.999995 1.000000 93.936310 1153.571411 642.309448
airplane_a0316 0.999710 14.096222 83.801270 1000.000000 530.500610
airplane_a0316 0.306372 629.442261 49.388428 1000.000000 495.051208
airplane_a0324 0.994930 560.019653 203.823486 717.595337 354.522949
airplane_a0325 0.999828 47.012115 132.175079 733.567383 418.175446
airplane_a0327 0.999991 2.828186 161.894257 1168.614258 618.217163
airplane_a0335 0.999969 1.000000 67.706223 663.690186 412.406494
airplane_a0336 0.999970 29.846313 64.735168 435.450104 206.661224
airplane_a0337 0.998848 84.841354 74.394188 351.703125 220.645660
airplane_a0345 0.999975 21.844620 25.096046 359.466980 208.591034
airplane_a0346 0.999955 20.143890 88.703262 596.131836 335.626221
airplane_a0347 0.423867 14.810669 527.670227 606.740662 681.273376
airplane_a0355 0.999977 54.187531 107.637482 969.839600 631.079956
airplane_a0356 0.999936 4.675659 29.969505 450.000000 178.010406
airplane_a0357 0.999980 213.911652 109.190826 959.111572 529.691284
airplane_a0365 0.999904 209.540588 220.686859 864.345032 362.760651
airplane_a0366 0.999476 124.793915 24.045044 1051.000000 734.888733
airplane_a0367 0.999969 7.732788 31.197906 500.000000 231.254822
airplane_a0375 0.991243 519.702881 369.208954 1252.293091 582.942566
airplane_a0375 0.494692 1.000000 365.361511 832.368042 582.612915
airplane_a0375 0.362045 38.868286 322.980743 1331.763306 635.872314
airplane_a0375 0.034596 736.059570 345.617340 1400.000000 615.305908
airplane_a0376 0.999422 132.880280 203.047913 770.406494 406.393616
airplane_a0377 0.999605 45.566467 1.000000 931.359436 689.115784
airplane_a0385 0.999988 2.906387 38.355087 500.000000 261.436279
airplane_a0386 0.998662 3.929810 142.333130 1206.736328 688.734131
airplane_a0387 0.999971 1.000000 58.689056 713.258789 325.222229
airplane_a0395 0.888952 45.067993 165.387344 900.000000 457.446228
airplane_a0397 0.999616 27.529724 108.131226 1197.523926 582.516846
airplane_a0405 0.999795 123.926819 85.211632 330.568542 193.143677
airplane_a0406 0.114430 76.721756 105.304581 491.460571 326.608704
airplane_a0407 0.943913 644.054993 101.931709 962.751892 227.924286
airplane_a0407 0.051519 1.000000 1.000000 212.927521 100.827682
airplane_a0415 0.999977 1.000000 46.508316 705.884338 481.442139
airplane_a0416 0.999878 28.530182 66.133209 416.398804 202.998901
airplane_a0417 0.997160 48.574600 192.268402 349.629822 267.282623
airplane_a0426 0.999927 27.941620 163.185211 600.000000 343.713684
airplane_a0435 0.590303 231.178040 179.662872 612.830933 321.182800
airplane_a0435 0.037546 127.084747 133.236053 680.480957 367.728699
airplane_a0435 0.007409 584.861328 260.480042 750.659302 324.696960
airplane_a0435 0.005490 345.866760 227.161499 664.164490 304.856750
airplane_a0436 0.944390 1.000000 55.314972 1024.000000 708.990601
airplane_a0437 0.999998 1.000000 11.224274 1260.533691 829.343262
airplane_a0445 0.459949 650.025574 51.370770 767.678528 165.062073
airplane_a0445 0.008716 103.258148 171.380829 851.202271 581.363892
airplane_a0446 0.999971 13.260681 87.947746 613.789001 228.334137
airplane_a0446 0.010576 499.993713 256.151520 606.984558 321.168549
airplane_a0447 0.813647 432.966461 1.000000 1178.447388 959.445435
airplane_a0455 0.999560 49.328308 235.651306 1919.000000 790.656921
airplane_a0458 0.999672 12.032562 91.364731 679.965942 402.355164
airplane_a0458 0.979694 64.912216 1.000000 497.903503 148.483932
airplane_a0466 0.999927 1.000000 106.007378 600.000000 307.337921
airplane_a0467 0.999967 29.809692 197.040009 1592.567261 849.464966
airplane_a0468 0.999072 86.440765 288.799896 722.740234 511.602081
airplane_a0476 0.999979 1.000000 110.670929 944.156555 448.555450
airplane_a0477 0.999971 29.490204 138.913116 464.386871 273.535522
airplane_a0478 0.999857 45.931213 79.248962 876.789368 441.005981
airplane_a0486 0.999901 52.865234 56.024368 711.937927 351.908020
airplane_a0487 0.999983 91.112930 102.852669 400.473511 268.482941
airplane_a0488 0.999983 3.005402 117.908279 998.243042 576.136475
airplane_a0496 0.999810 77.359100 180.332642 737.941650 335.778137
airplane_a0497 0.999989 55.389610 59.687531 208.122589 112.947311
airplane_a0498 0.939434 1.000000 100.907410 900.000000 377.903931
airplane_a0506 0.999945 57.448425 130.816208 555.101807 423.795654
airplane_a0507 0.996013 68.752686 151.365417 1236.550415 533.224792
airplane_a0508 0.992199 17.624298 1.000000 442.693085 265.441895
airplane_a0517 0.988486 452.313080 312.677002 562.109985 387.162048
airplane_a0518 0.999991 18.714142 159.303925 1024.000000 468.614410
airplane_a0527 0.999935 27.674377 102.884689 566.192322 409.153564
airplane_a0528 0.999995 25.634460 101.141342 766.881531 411.750916
airplane_a0536 0.999996 14.171844 34.585152 529.077026 191.520081
airplane_a0536 0.971644 281.330536 208.716370 368.507050 270.406586
airplane_a0537 0.262222 214.953125 65.977020 788.942871 375.649323
airplane_a0538 0.999626 23.767776 40.018860 450.000000 190.184723
airplane_a0546 0.999927 50.839172 170.795288 1142.442383 558.019531
airplane_a0547 0.998902 86.896118 123.554527 675.000000 373.909821
airplane_a0548 0.571736 72.565918 98.661514 664.892212 332.793213
airplane_a0556 0.999922 12.037842 57.782402 517.049744 214.836884
airplane_a0557 0.934781 64.376709 92.143265 378.796021 224.326370
airplane_a0557 0.479690 223.357147 55.460220 515.630249 137.150635
airplane_a0557 0.352965 29.513100 171.059601 252.198212 256.290863
airplane_a0558 0.999936 1.000000 99.703041 623.949768 289.887207
airplane_a0566 0.999142 53.873688 18.994812 565.669678 395.166077
airplane_a0567 0.999920 42.298035 181.192871 1004.463806 484.223206
airplane_a0568 0.999957 1.000000 24.116196 1024.000000 530.483276
airplane_a0576 0.970215 1.000000 115.392090 939.774780 437.100952
airplane_a0577 0.999999 1.000000 20.051556 284.007568 120.642822
airplane_a0578 0.998394 102.487259 204.561829 377.559021 286.396179
airplane_o0004 0.013166 142.916382 103.551056 484.993774 293.217712
airplane_o0005 0.999946 1.000000 28.463379 450.000000 269.946716
airplane_o0006 0.961235 149.693451 167.609985 214.238556 215.561310
airplane_o0006 0.948167 32.735085 110.622955 103.082039 162.512695
airplane_o0006 0.789247 116.731262 227.182053 184.714813 270.974335
airplane_o0006 0.756773 69.630875 51.231499 149.556595 104.096413
airplane_o0006 0.749614 171.005096 92.819656 300.501373 169.798355
airplane_o0006 0.687819 46.313175 202.801926 118.825653 248.473221
airplane_o0014 0.999955 113.122253 133.662766 890.411621 440.265137
airplane_o0014 0.012744 167.068909 242.347992 802.378357 508.789642
airplane_o0015 0.097724 444.242096 396.572052 1007.216309 627.507202
airplane_o0015 0.040163 13.147827 129.591553 1002.669495 500.118042
airplane_o0016 0.999845 1.000000 28.218353 441.662292 229.053925
airplane_o0024 0.997900 55.551514 129.760880 1121.579224 606.830627
airplane_o0025 0.951568 100.477264 522.794495 379.605225 668.930481
airplane_o0025 0.702127 340.251038 507.473450 531.308838 632.304138
airplane_o0025 0.167625 399.459778 76.388123 492.640137 137.862991
airplane_o0026 0.999897 1.000000 8.318604 698.309326 398.822845
airplane_o0034 0.986787 20.356293 141.139038 1009.553711 498.877930
airplane_o0035 0.999943 59.285400 149.288147 1269.288086 576.331299
airplane_o0036 0.999639 72.019043 160.023544 937.067566 547.523010
airplane_o0044 0.999741 69.911163 89.120987 951.295044 418.902039
airplane_o0045 0.421814 214.936340 127.561615 1045.083984 730.414795
airplane_o0054 0.999966 427.583649 152.952377 1000.808716 384.037720
airplane_o0055 0.999778 1.000000 61.942802 449.838501 214.378387
airplane_o0056 0.999941 1.000000 179.840958 1280.000000 657.460022
airplane_o0064 0.999917 1.000000 87.440872 1024.000000 514.657288
airplane_o0065 0.999926 1.000000 147.170914 1024.000000 472.257935
airplane_o0066 0.998693 13.036316 62.940155 1164.783936 627.766479
airplane_o0074 0.997102 1.000000 176.009216 809.920837 484.736206
airplane_o0075 0.999480 63.690002 259.888977 979.877625 535.497986
airplane_o0076 0.999988 221.961243 329.021729 2138.304199 1201.870239
airplane_o0084 0.999640 226.944931 196.232910 594.223511 348.334534
airplane_o0085 0.649816 27.923325 43.869324 498.063721 303.579773
airplane_o0086 0.985414 112.431519 254.091919 633.288696 426.468201
airplane_o0086 0.019784 39.220245 209.681488 875.513428 454.230560
airplane_o0094 0.999995 6.613647 44.605949 525.752075 250.025635
airplane_o0095 0.921936 340.057373 170.408630 555.110229 239.753357
airplane_o0095 0.241346 1.000000 155.656006 297.269196 298.639008
airplane_o0095 0.008108 6.509102 159.982178 126.824669 255.288940
airplane_o0096 0.999974 1.000000 154.523270 700.000000 402.665771
airplane_o0104 0.999933 199.736969 153.156525 759.858154 389.530548
airplane_o0106 0.999995 1.000000 201.563599 1200.000000 653.296875
airplane_o0114 0.999986 8.061920 24.394791 611.500244 395.361084
airplane_o0115 0.999843 107.265793 72.295090 430.639526 176.326324
airplane_o0115 0.999719 6.160553 129.784531 537.270630 346.856262
airplane_o0116 0.999989 29.663544 139.753265 612.034912 353.505676
airplane_o0124 0.110380 341.727020 208.581299 389.739899 270.263153
airplane_o0124 0.072406 316.139740 75.724785 347.863983 107.422493
airplane_o0125 0.999720 2.209778 89.097672 600.000000 279.591248
airplane_o0126 0.055299 86.740631 87.371521 1074.686768 627.022827
airplane_o0134 0.999995 50.558365 12.688522 495.809631 304.792236
airplane_o0135 0.999995 1.000000 85.556351 969.294434 538.181641
airplane_o0144 0.999958 77.786896 41.394684 800.000000 427.158447
airplane_o0145 0.999038 60.169189 1.000000 868.746277 450.305511
airplane_o0146 0.999972 203.111450 235.313507 1662.338745 882.053833
airplane_o0154 0.998612 107.702209 151.777527 1712.168701 745.127991
airplane_o0155 0.999992 7.370544 137.080856 995.833496 523.843994
airplane_o0156 0.999905 42.713745 218.352905 867.369507 563.845276
airplane_o0164 0.973961 70.782440 67.375458 685.567871 521.380493
airplane_o0165 0.999998 1.000000 69.970428 640.000000 341.521698
airplane_o0166 0.999985 1.000000 40.131462 318.522736 174.767426
airplane_o0174 0.984185 173.853210 202.459915 760.146057 392.388611
airplane_o0175 0.999894 1.000000 29.751144 420.000000 217.540024
airplane_o0176 0.996241 90.342339 163.611343 299.105835 256.542938
airplane_o0184 0.585439 1.000000 188.764526 750.000000 764.744263
airplane_o0185 0.999982 30.033112 101.927048 540.503906 260.619934
airplane_o0186 0.999968 2.257416 108.531006 893.476196 447.953796
airplane_o0195 0.999997 2.712189 86.864502 592.157104 282.074921
airplane_o0196 0.999953 1.000000 136.810715 1020.810730 576.452576
airplane_o0204 0.999695 418.780914 735.446411 598.890869 849.517334
airplane_o0205 0.999990 69.865021 96.927185 955.386475 622.152222
airplane_o0206 0.973766 14.600067 37.370552 497.001770 211.304749
airplane_o0215 0.999959 21.232010 35.265259 473.764526 219.467560
airplane_o0216 0.999879 98.124146 41.863205 788.351990 448.121826
airplane_o0224 0.999725 95.992828 189.555206 947.955322 682.225220
airplane_o0224 0.008147 672.992859 316.050507 1004.356140 601.238281
airplane_o0225 0.999053 47.756531 62.435791 500.000000 374.789581
airplane_o0226 0.999203 1.000000 103.116119 450.000000 316.886597
airplane_o0234 0.766473 563.943848 386.823822 761.023438 474.787384
airplane_o0234 0.027173 577.533569 397.208740 705.776367 457.019470
airplane_o0234 0.005880 594.342957 342.027130 720.904724 465.189117
airplane_o0235 0.999866 1.000000 92.038513 1200.000000 587.461304
airplane_o0236 0.999784 1.000000 82.732727 1200.000000 644.961670
airplane_o0244 0.999922 1.000000 66.562607 800.000000 387.010010
airplane_o0245 0.999908 50.802399 134.149170 964.636719 501.193970
airplane_o0246 0.983505 401.794861 42.779266 849.350159 595.329834
airplane_o0254 0.725644 182.636749 258.004761 816.850952 557.864014
airplane_o0255 0.998960 71.887878 66.414276 934.577454 516.196899
airplane_o0256 0.999974 227.564972 172.424576 693.015991 319.263611
airplane_o0256 0.999748 225.602524 568.940552 665.569031 692.824463
airplane_o0264 0.999952 149.942200 226.428589 1005.460144 498.121399
airplane_o0265 0.959222 468.338501 248.179657 566.724976 311.779633
airplane_o0266 0.999092 16.215149 74.429176 560.434143 269.447784
airplane_o0274 0.999810 101.404175 46.152328 942.630249 544.390381
airplane_o0275 0.753770 1.000000 93.849091 800.000000 469.192291
airplane_o0276 0.999878 125.226440 185.285431 1500.000000 752.838501
airplane_o0284 0.999585 24.472473 215.249481 1800.000000 1063.664917
airplane_o0286 0.999945 3.960999 157.644730 900.560852 542.004761
airplane_o0294 0.999794 1.000000 31.040695 1000.000000 439.360413
airplane_o0295 0.999979 32.053864 21.940857 974.155273 525.921387
airplane_o0296 0.998570 1.000000 24.725624 443.926270 261.638550
airplane_o0304 0.999202 1.000000 76.562355 443.000000 237.305573
airplane_o0305 0.850105 340.545349 280.981079 640.306335 518.377258
airplane_o0314 0.999829 1.000000 165.368088 1013.943970 470.061951
airplane_o0315 0.999902 5.699341 122.466522 1200.000000 618.473877
airplane_o0316 0.999425 1.000000 91.294922 1000.000000 525.378723
airplane_o0316 0.613478 581.441711 55.747040 1000.000000 480.027557
airplane_o0324 0.995884 319.354370 200.088593 485.903381 355.967743
airplane_o0324 0.031698 326.725555 213.993851 443.870392 309.356689
airplane_o0325 0.999630 156.554993 139.717239 839.817322 408.744751
airplane_o0327 0.999995 52.534180 188.804245 1173.546387 592.883057
airplane_o0335 0.999944 38.695068 54.264221 675.292542 429.757294
airplane_o0336 0.999968 19.376770 75.157944 403.144775 195.819229
airplane_o0337 0.996604 103.618912 76.318718 371.503906 218.141968
airplane_o0345 0.999985 206.327866 39.131729 523.381287 208.697983
airplane_o0346 0.999976 25.219666 109.599571 590.035522 330.800873
airplane_o0355 0.999964 1.697144 102.301636 990.041382 636.778564
airplane_o0356 0.999994 19.653351 34.242554 420.054352 173.597885
airplane_o0357 0.999633 49.635590 103.730606 796.147949 527.053345
airplane_o0365 0.999981 107.066589 209.380035 738.014465 373.477448
airplane_o0366 0.999951 1.000000 71.476379 931.638367 701.748779
airplane_o0367 0.999950 1.000000 14.416748 500.000000 244.860535
airplane_o0375 0.996347 61.884094 339.037842 1400.000000 611.739380
airplane_o0375 0.048710 1.000000 358.838440 658.011230 590.207886
airplane_o0376 0.991777 151.488037 205.525452 816.439453 403.010742
airplane_o0377 0.999184 32.183075 2.852875 1010.409546 638.681030
airplane_o0385 0.999933 1.000000 37.122986 500.000000 255.939209
airplane_o0386 0.999841 80.346252 128.965240 1272.432373 705.834595
airplane_o0387 0.999957 34.488190 70.191910 735.501831 327.861023
airplane_o0395 0.416911 1.000000 173.021774 820.097412 467.323303
airplane_o0396 0.020702 1.000000 342.469849 2048.000000 1315.348022
airplane_o0397 0.999248 18.006958 129.048477 1156.181274 600.113647
airplane_o0405 0.999651 206.653229 89.089813 403.093719 193.839569
airplane_o0406 0.955282 70.989670 92.741409 459.823914 356.826904
airplane_o0407 0.953736 99.367462 103.709549 334.106323 224.719315
airplane_o0407 0.360668 835.746582 1.000000 1020.763306 95.099045
airplane_o0415 0.997682 1.000000 73.658875 800.000000 482.127869
airplane_o0416 0.955052 45.616898 72.131363 432.418762 200.316422
airplane_o0417 0.934950 181.193359 175.840698 498.070435 275.379425
airplane_o0426 0.999593 1.000000 169.118805 580.633667 337.769806
airplane_o0435 0.580880 181.236404 185.572128 487.841614 318.290955
airplane_o0436 0.995809 58.623138 184.950363 982.632446 607.159119
airplane_o0437 0.999998 20.249634 16.294464 1274.212769 838.519043
airplane_o0446 0.999895 1.000000 67.059097 640.000000 238.312759
airplane_o0447 0.202256 383.344727 73.658752 1518.143799 824.127991
airplane_o0455 0.999673 1.000000 266.174377 1837.090332 752.864929
airplane_o0457 0.005157 233.908005 15.052094 557.437744 375.633392
airplane_o0458 0.999995 1.000000 76.283722 699.219482 418.237457
airplane_o0458 0.040204 251.210327 1.000000 576.074158 148.209808
airplane_o0466 0.999972 1.000000 104.141624 600.000000 309.686951
airplane_o0467 0.999839 31.751587 199.371948 1550.793823 835.966919
airplane_o0468 0.999808 288.730255 283.950867 887.542480 515.423889
airplane_o0476 0.999962 165.010498 119.216721 1058.363770 441.555054
airplane_o0477 0.999996 29.860626 137.627335 466.152344 275.339478
airplane_o0478 0.997403 5.033752 76.219238 875.919983 441.908081
airplane_o0486 0.999937 32.537628 54.594650 705.314331 348.281372
airplane_o0487 0.999999 209.983322 105.582466 500.692261 262.971741
airplane_o0488 0.999940 92.985382 102.538773 955.911133 594.946838
airplane_o0496 0.999915 49.303253 168.812759 732.867432 337.118408
airplane_o0497 0.999995 115.067192 57.949436 267.410156 112.317413
airplane_o0498 0.030687 1.000000 118.303955 900.000000 360.186035
airplane_o0506 0.999869 159.873199 129.232071 641.298706 446.086548
airplane_o0507 0.999028 88.354675 122.768463 1214.059326 553.818970
airplane_o0508 0.999815 6.211975 1.000000 444.341309 268.142548
airplane_o0517 0.996166 469.518066 318.442169 570.497803 392.653473
airplane_o0518 0.999987 1.000000 149.303528 1019.598267 482.664185
airplane_o0527 0.999927 26.825928 101.684998 566.749146 410.466156
airplane_o0528 0.999990 45.682434 95.254944 719.618652 420.240784
airplane_o0536 0.999990 29.696793 29.280792 517.953552 200.081238
airplane_o0536 0.989408 180.039658 214.378662 274.178558 269.243317
airplane_o0537 0.235119 19.108032 81.362076 583.861084 391.366333
airplane_o0538 0.999807 1.000000 32.600311 427.999512 195.206253
airplane_o0546 0.999968 1.000000 166.474991 1192.368408 556.269043
airplane_o0547 0.999828 20.518768 129.164261 642.276733 387.737366
airplane_o0556 0.999956 37.186905 53.901825 514.161255 216.344666
airplane_o0557 0.833598 36.897125 53.675076 326.668823 137.724335
airplane_o0557 0.578825 75.191742 74.509895 527.187378 221.755341
airplane_o0557 0.348998 306.179321 177.716721 525.252136 260.699463
airplane_o0557 0.314517 86.287521 69.435349 443.777588 160.296829
airplane_o0557 0.290017 221.306793 136.722015 482.221588 244.482330
airplane_o0558 0.999854 20.945374 98.212593 640.000000 305.935760
airplane_o0566 0.999390 1.000000 13.909760 593.774536 327.595459
airplane_o0567 0.999962 40.103119 204.291473 972.259888 467.462982
airplane_o0568 0.999777 1.000000 40.950302 1024.000000 509.493286
airplane_o0576 0.142677 1.000000 142.239136 950.000000 483.610168
airplane_o0577 0.999996 27.579468 16.574005 310.000000 124.076370
airplane_o0578 0.999704 193.311127 196.470154 514.635864 295.249756
armored_car_0076 0.006670 257.492798 280.807129 1340.325073 1257.693970
armored_car_0426 0.898510 94.491241 59.970078 496.837494 305.102539
armored_car_0674 0.005198 1.984329 62.774658 367.226562 364.791504
armored_car_0704 0.005910 346.214203 16.483490 437.411346 177.315765
armored_car_0806 0.005114 392.062103 226.652817 473.235626 261.318756
armored_car_0875 0.017401 22.448547 1.000000 710.938660 503.000000
armored_car_0904 0.005916 305.178802 229.845703 487.815216 434.373657
armored_car_0905 0.008496 422.778717 209.115112 585.205688 308.633057
armored_car_0964 0.005304 1.000000 95.300247 558.039551 556.713806
armored_car_0974 0.010010 387.001770 121.481079 530.177002 410.275635
armored_car_1076 0.027752 118.861740 22.785465 178.237198 50.038105
armored_car_1095 0.008858 83.085129 366.414062 473.937317 554.307983
armored_car_1136 0.028269 130.009262 58.628723 294.471375 283.959076
armored_car_1146 0.028849 468.435150 138.897949 510.421356 185.548431
armored_car_1146 0.015447 11.704712 27.345551 972.602112 325.572876
car_a0372 0.018396 43.437439 1.483032 500.000000 375.000000
car_a0382 0.009118 43.689255 26.406631 280.019165 483.688721
car_a1029 0.008515 70.640045 454.384613 609.690308 762.421753
car_a1068 0.005144 208.456055 223.432617 1153.139282 839.209595
car_a1208 0.028453 374.894379 252.556015 1224.459717 723.038513
car_a1218 0.011287 300.095367 424.668274 958.348877 730.422424
car_a1229 0.006304 366.735474 477.103088 1205.113403 1063.418945
car_a1267 0.006135 1.000000 149.449890 250.626495 283.577271
car_a1307 0.023254 489.440979 495.220551 1458.712158 980.930054
car_a1347 0.012931 761.192627 349.807953 1737.950928 1080.920898
car_a1379 0.005322 309.782166 127.161957 1058.639404 648.181030
car_a1398 0.005374 212.878632 295.885071 1087.645386 571.164307
car_a1419 0.011851 76.242584 378.445190 831.851440 729.712280
car_o0089 0.005427 76.681015 115.892975 369.104431 500.000000
car_o0371 0.005834 1.000000 1.000000 469.935760 375.000000
car_o0460 0.007447 29.689026 30.172745 484.419434 333.000000
car_o1086 0.014871 146.247269 50.573181 583.504333 719.936707
car_o1096 0.005022 184.310455 434.132172 661.705688 815.652344
car_o1208 0.019147 386.372681 241.669220 1376.957031 738.383789
car_o1238 0.005977 63.680603 209.376495 493.285156 388.299713
car_o1307 0.033899 103.093567 500.264648 1125.026855 962.183960
car_o1316 0.006089 488.786316 153.085480 1532.715820 720.276611
car_o1368 0.009778 1176.302979 1419.629272 6357.833984 4444.263672
car_o1396 0.007702 128.266968 1.000000 2386.000000 3312.585449
off-road_vehicle_a0430 0.023846 188.002747 15.672104 329.517944 254.669601
off-road_vehicle_o0502 0.050399 193.207550 132.419571 451.238495 383.761658
street_a0046 0.005844 71.538055 1148.543335 676.426025 1939.536987
tank_a0063 0.007407 347.823669 139.778381 446.583679 285.939117
tank_a0074 0.005267 21.947693 32.063263 500.000000 327.178741
tank_a0112 0.028490 262.066956 90.967560 478.946716 283.031433
tank_a0192 0.009972 385.588379 169.568024 483.363892 341.300507
tank_a0213 0.012800 94.766708 159.052750 430.197388 327.622620
tank_a0244 0.007479 1.000000 20.319489 1196.065674 924.672729
tank_a0283 0.007794 57.365356 22.081985 579.169617 468.669128
tank_a0302 0.005009 636.271851 185.781906 1024.000000 565.637207
tank_a0334 0.029029 1.000000 94.821838 600.000000 339.170319
tank_a0383 0.006874 344.394684 203.469910 1005.424194 493.286072
tank_a0414 0.006013 829.836670 237.706940 1146.011841 749.060303
tank_a0543 0.009900 61.585724 155.783264 990.890503 983.197571
tank_o0099 0.011299 38.018021 161.787430 427.411743 257.112396
tank_o0108 0.006208 1.000000 122.715103 83.524399 311.303162
tank_o0119 0.027510 113.582092 23.118668 378.958374 317.341614
tank_o0170 0.005971 1.000000 31.731522 474.865112 315.891785
truck_0086 0.005824 20.959991 33.501755 440.170074 300.485779
truck_0136 0.009065 50.380989 21.130035 221.408722 151.202606
truck_0149 0.092960 1.000000 54.243851 387.912048 239.365921
truck_0180 0.006274 37.082771 73.880142 176.911072 262.515137
truck_0211 0.006475 67.646851 446.369019 2048.000000 940.525024
truck_0263 0.013886 1.000000 2.277527 500.000000 325.226318
truck_0306 0.016165 66.361282 94.179520 465.790771 211.429520
truck_0381 0.005078 9.824219 73.288803 316.403259 366.424683
truck_0415 0.014741 118.170090 69.499756 396.439392 398.000000
truck_0490 0.036529 67.684540 186.233490 706.565674 342.372772
truck_0508 0.008488 25.113449 69.523956 279.422974 277.546051
truck_0511 0.007091 134.884201 55.658707 497.587646 334.778076
truck_0571 0.009592 227.665451 154.448456 346.959015 182.987915
truck_0581 0.010326 1.000000 27.651855 744.928345 529.003906
truck_0591 0.007773 1.000000 30.281944 461.318848 225.087494
truck_0633 0.011429 1.000000 85.893219 354.088837 353.768097
truck_0644 0.023316 114.865417 1.000000 193.755188 170.998611
truck_0653 0.005111 59.797493 44.637424 140.524628 114.586105
truck_0663 0.005968 74.548096 154.106506 610.412354 349.867706
truck_0780 0.008808 88.228165 162.886353 462.595398 237.480042
truck_0828 0.005590 103.963257 206.577393 464.367065 291.475128
truck_0830 0.037667 96.356125 82.209045 384.023499 338.831268
truck_0839 0.061747 77.438431 198.085052 500.000000 289.325775
truck_0860 0.006587 202.838852 189.484390 445.403625 231.926559
truck_0931 0.009342 1.000000 1.000000 399.678040 312.257019
truck_0951 0.009317 171.159943 137.072937 308.295959 299.557251
truck_0981 0.005416 12.511421 4.347267 174.978943 129.365021
