2008_000203 0.078909 70.520798 90.998375 248.753464 259.049103
2008_000233 0.005642 226.598267 104.822723 461.000000 307.000000
2008_000614 0.005595 1.000000 158.197632 306.083557 332.675720
2008_000854 0.011292 311.581665 87.635155 379.316711 108.729225
2008_000917 0.016859 12.546112 14.462372 327.995758 400.000000
2008_002283 0.006421 1.000000 94.468430 253.958466 375.000000
2008_003181 0.075751 237.070358 91.126297 500.000000 414.422119
2008_004713 0.046312 87.742722 36.084991 428.060181 333.707886
2008_007032 0.005288 88.627396 230.588745 356.574524 487.728699
2008_007097 0.006237 113.596519 186.707108 300.225494 347.098083
2008_007146 0.009483 38.010559 61.909241 366.551605 476.214050
2008_007955 0.006288 5.602501 37.486267 243.058136 299.399384
2009_000683 0.010119 193.936752 85.098778 466.095520 264.627869
2009_001320 0.020619 28.182007 36.112610 468.124298 345.476837
2009_001581 0.005817 76.507828 1.000000 376.085022 338.876984
2009_001909 0.007027 1.000000 128.459930 296.398956 494.016815
2009_002239 0.011749 118.136703 51.775513 474.634094 500.000000
2009_004671 0.014741 1.000000 44.147736 500.000000 315.346191
2010_004186 0.040680 139.647034 102.951897 394.011719 333.556976
2010_004186 0.013609 22.324768 127.925003 219.695358 375.000000
2010_005127 0.006580 112.809570 44.676910 364.072540 316.365479
2010_005252 0.336410 20.653961 161.855606 267.821381 270.229736
2010_006111 0.046508 140.878006 65.526352 443.623657 333.000000
2010_006140 0.014723 1.000000 19.422729 500.000000 375.000000
2010_006794 0.007611 36.955223 111.056183 290.960602 473.582672
2010_006819 0.010372 1.000000 71.567993 249.000580 324.765411
2011_003410 0.006690 121.196213 56.416138 375.000000 500.000000
2011_003563 0.024272 7.866013 30.146210 331.224731 325.737579
2011_004688 0.010464 34.570053 100.934250 312.682068 483.133118
2011_004804 0.005718 231.115540 65.520004 500.000000 333.000000
2012_000010 0.005268 90.155106 30.377960 369.457764 375.000000
2012_000050 0.005632 97.705521 123.050743 412.802734 340.000000
2012_000174 0.008959 1.000000 50.088760 443.125092 359.925903
2012_000365 0.006826 184.821075 1.000000 500.000000 375.000000
2012_000534 0.021265 50.217270 38.842804 462.928894 402.000000
2012_001264 0.006130 5.275574 23.334854 279.839172 362.525024
2012_001736 0.006259 243.631836 44.935364 482.851685 373.813232
2012_001967 0.012436 71.585617 27.029556 366.756104 373.018799
2012_003958 0.007562 88.232811 409.535675 256.806061 487.615814
2012_004162 0.023704 55.387115 18.756409 385.407837 375.000000
airplane_a0006 0.006187 344.151062 114.038597 429.129456 159.083923
airplane_a0006 0.005761 280.200714 231.889999 331.055756 265.999847
airplane_a0234 0.009590 537.600891 385.963959 741.797180 477.179291
airplane_a0265 0.009824 460.319061 244.648651 552.508118 325.482635
airplane_a0306 0.340429 17.149445 163.302155 493.216736 254.781342
airplane_a0436 0.042599 21.708954 114.018066 1018.125854 671.401611
airplane_o0006 0.007079 149.693451 167.609985 214.238556 215.561310
airplane_o0006 0.009860 46.313175 202.801926 118.825653 248.473221
airplane_o0006 0.055933 111.900841 228.509003 184.721283 266.924591
airplane_o0015 0.173373 82.511902 155.776993 1003.393250 500.920410
airplane_o0234 0.010203 563.943848 386.823822 761.023438 474.787384
airplane_o0265 0.007515 468.338501 248.179657 566.724976 311.779633
airplane_o0306 0.199175 45.430099 160.109177 464.604370 245.042526
airplane_o0436 0.006090 32.431213 58.763458 998.817688 714.247437
armored_car_0004 0.999961 87.779236 14.508057 1116.980957 866.349243
armored_car_0004 0.012165 980.668457 185.001678 1280.000000 418.784271
armored_car_0005 0.999443 179.606781 55.268677 889.488281 736.686462
armored_car_0006 0.999465 6.489014 108.915649 1280.000000 693.809326
armored_car_0014 0.999972 4.905487 37.153137 561.092896 332.381836
armored_car_0015 0.999885 116.656708 135.113144 729.696045 381.733887
armored_car_0016 0.999953 155.448151 86.958221 1050.681030 649.409302
armored_car_0024 0.999947 170.127991 382.221649 1573.240479 1015.959839
armored_car_0025 0.999778 225.257507 164.989258 1795.692383 1382.669434
armored_car_0025 0.067116 1644.283447 571.972412 2250.000000 1135.788452
armored_car_0026 0.974191 5.386475 228.388062 796.000000 950.328491
armored_car_0034 0.998700 1.000000 265.710022 932.188354 580.546143
armored_car_0035 0.999694 53.387268 87.329987 1261.428711 805.623047
armored_car_0036 0.999987 91.653259 65.825729 647.881287 474.881836
armored_car_0044 0.999943 307.687988 82.550278 907.560547 447.440491
armored_car_0045 0.999620 161.870087 205.745270 1098.426514 817.710083
armored_car_0046 0.999998 373.018433 197.003265 919.953003 415.456512
armored_car_0046 0.994061 102.315063 208.344391 357.488281 376.774567
armored_car_0046 0.988091 4.621048 196.793198 169.386536 402.922668
armored_car_0054 0.999990 50.630829 59.590973 584.479370 455.861969
armored_car_0055 0.999954 27.784714 45.190277 378.763245 280.000000
armored_car_0055 0.594632 307.597015 95.735764 434.983063 243.831223
armored_car_0055 0.006109 354.998444 128.756866 422.266510 233.967499
armored_car_0056 0.993354 117.603333 103.174210 661.092102 412.359741
armored_car_0064 0.999969 6.036575 18.716667 500.000000 258.723297
armored_car_0065 0.999848 154.580994 62.708405 786.508789 453.435883
armored_car_0066 0.999960 1.000000 10.412704 930.696411 445.000000
armored_car_0074 0.999949 35.712494 72.428802 981.945312 656.508301
armored_car_0075 0.999658 27.438812 121.814186 600.000000 323.142731
armored_car_0076 0.011038 324.160889 253.476532 1338.973022 1218.375488
armored_car_0084 0.999769 203.426025 279.870361 1141.273193 802.409302
armored_car_0085 0.993586 1.000000 29.351044 1007.526123 687.869385
armored_car_0086 0.999897 107.426804 107.031693 460.571045 348.673401
armored_car_0086 0.033522 8.712563 139.254730 147.991058 280.284668
armored_car_0094 0.999924 33.202759 112.644012 1011.340332 663.442139
armored_car_0095 0.990431 166.176239 4.849762 982.121826 674.000000
armored_car_0096 0.988388 340.774017 176.885742 450.000000 278.196686
armored_car_0096 0.973651 80.820923 148.473663 313.640869 281.001892
armored_car_0096 0.235987 18.087944 139.651245 101.088799 288.252441
armored_car_0096 0.234629 288.264893 198.724091 362.967407 281.882202
armored_car_0104 0.999999 159.041443 207.615738 693.823242 526.571594
armored_car_0104 0.999995 133.553833 659.586487 684.880066 967.736877
armored_car_0105 0.999998 372.846527 197.044937 920.129517 415.402161
armored_car_0105 0.993979 102.430939 208.325592 357.484192 376.787018
armored_car_0105 0.989210 4.474380 196.976425 169.542877 402.587524
armored_car_0106 0.999523 120.126221 49.836075 408.742615 294.175537
armored_car_0114 0.999753 145.738327 135.853760 413.487244 339.084595
armored_car_0115 0.999599 46.685440 127.232178 477.727783 279.147430
armored_car_0116 0.999920 20.905426 59.463463 300.000000 199.162628
armored_car_0124 0.999972 5.364105 110.498230 839.149170 447.359985
armored_car_0125 0.999960 1.000000 10.424728 930.633789 445.000000
armored_car_0126 0.999234 109.204590 915.186768 4954.263184 3083.027100
armored_car_0134 0.999526 20.391998 676.770630 657.845337 954.224854
armored_car_0134 0.948841 719.320801 796.227051 958.768188 947.341919
armored_car_0134 0.929103 1231.317627 828.737915 1447.492432 960.774536
armored_car_0134 0.650850 976.472534 817.938110 1161.475708 949.120361
armored_car_0134 0.012325 868.067688 808.556702 1057.024292 943.979187
armored_car_0134 0.007050 1011.402466 837.735046 1222.385376 991.724792
armored_car_0135 0.999989 1.000000 169.946533 901.136292 706.611755
armored_car_0136 0.999703 121.544006 121.803040 672.523926 439.091675
armored_car_0136 0.005878 510.634979 114.898575 756.395996 207.123611
armored_car_0144 0.047368 195.156693 186.583481 630.369812 385.175415
armored_car_0145 0.999917 15.480621 58.064697 494.766327 324.400726
armored_car_0146 0.998450 51.693298 37.556000 1188.702148 810.089966
armored_car_0154 0.999954 22.478943 9.409897 516.769958 318.000000
armored_car_0155 0.999995 31.445068 111.693909 1024.000000 1161.104004
armored_car_0156 0.999610 155.878494 101.144669 643.772522 383.858643
armored_car_0164 0.059581 36.302078 8.169678 537.285706 344.000000
armored_car_0165 0.999792 86.476288 56.906357 676.482178 480.000000
armored_car_0165 0.090618 4.681610 154.942749 144.259537 341.402405
armored_car_0166 0.006617 1.000000 11.382393 600.000000 225.224915
armored_car_0174 0.999914 9.857666 84.813263 782.587280 477.162506
armored_car_0175 0.999799 83.650467 42.661896 393.835266 253.311951
armored_car_0176 0.999994 47.105316 90.073456 460.776428 498.831940
armored_car_0184 0.999972 14.504272 101.959930 965.999634 670.462036
armored_car_0185 0.999538 17.436310 56.564896 551.789185 429.384399
armored_car_0186 0.999938 105.460831 30.254913 421.416443 451.324066
armored_car_0194 0.999941 15.631104 12.403564 583.755981 258.979736
armored_car_0195 0.999966 14.174438 95.890182 716.188049 475.459167
armored_car_0196 0.999867 43.368103 372.683929 478.230713 544.447510
armored_car_0196 0.999752 1.000000 25.442345 487.000000 266.168640
armored_car_0204 0.999869 73.290985 143.048599 767.139526 506.520447
armored_car_0205 0.999911 78.915344 36.156433 457.540100 317.379730
armored_car_0206 0.999939 1.000000 1.000000 433.000000 226.742218
armored_car_0214 0.999630 42.563232 46.758240 443.555054 324.699249
armored_car_0215 0.999155 423.490417 283.362610 1173.608643 991.512756
armored_car_0216 0.128551 40.980469 172.206360 564.734985 448.000000
armored_car_0224 0.999938 28.670761 159.061600 491.464600 341.069275
armored_car_0224 0.992719 481.173828 123.458954 658.660400 240.982513
armored_car_0225 0.032240 382.381500 118.383255 644.445068 228.696823
armored_car_0225 0.031542 736.271667 94.386284 1189.088013 267.299927
armored_car_0225 0.024775 626.856628 202.821976 1120.422363 476.116150
armored_car_0225 0.015044 1103.466675 258.552002 1273.587769 483.541931
armored_car_0225 0.012514 992.881165 184.984161 1229.914185 356.633392
armored_car_0225 0.010173 22.922302 15.803436 429.738678 316.853027
armored_car_0225 0.005574 1.000000 302.450500 681.847595 792.000000
armored_car_0226 0.999969 1.000000 54.186508 792.236145 497.193115
armored_car_0234 0.999915 36.363373 54.693069 734.733276 438.002258
armored_car_0235 0.999984 157.744339 141.384308 500.193665 340.570068
armored_car_0236 0.999914 4.511505 133.372925 673.312256 427.706116
armored_car_0244 0.999823 157.543030 149.925964 503.134949 415.335144
armored_car_0245 0.999893 114.906555 106.445847 481.199951 274.204041
armored_car_0245 0.991790 25.436928 121.635269 170.468658 244.386887
armored_car_0246 0.999942 48.388565 85.836578 495.998596 356.306030
armored_car_0254 0.999785 75.919373 131.434113 930.583374 678.298828
armored_car_0255 0.999885 116.653412 135.110626 729.701050 381.736237
armored_car_0256 0.999973 6.178955 87.800842 848.365051 575.142212
armored_car_0264 0.999059 75.175354 61.707214 610.786743 413.897827
armored_car_0265 0.999826 75.495071 197.328430 579.785278 388.384583
armored_car_0265 0.006560 1.000000 207.025818 122.372826 313.210693
armored_car_0266 0.999956 25.407990 72.165543 659.437622 393.000000
armored_car_0274 0.999011 37.826752 161.674362 1009.000000 572.091797
armored_car_0275 0.999970 1.000000 50.375954 147.038696 180.385010
armored_car_0275 0.999963 11.042526 18.284271 500.000000 265.744690
armored_car_0276 0.999891 2.285309 14.762222 633.413330 365.322998
armored_car_0284 0.999667 52.558105 10.166779 754.102966 619.000000
armored_car_0285 0.999656 1.000000 66.653259 611.848389 396.502869
armored_car_0286 0.785286 24.840103 83.571251 519.619934 326.893341
armored_car_0294 0.999891 28.423706 750.101990 953.962219 1181.000488
armored_car_0294 0.999838 70.703918 163.865891 914.132202 619.302246
armored_car_0295 0.999949 22.719269 86.653824 766.836670 496.720764
armored_car_0296 0.059581 36.302078 8.169678 537.285706 344.000000
armored_car_0304 0.999941 11.291046 73.364258 981.065674 649.524048
armored_car_0305 0.999826 261.643738 148.697723 514.303101 360.581390
armored_car_0305 0.816526 3.452286 195.754822 299.933777 314.210724
armored_car_0306 0.460891 14.396820 73.710403 484.358002 306.407227
armored_car_0314 0.999958 18.248047 16.039864 490.000000 229.577209
armored_car_0315 0.999869 60.891785 93.170052 595.349243 335.015411
armored_car_0316 0.999959 51.272003 284.817902 970.810303 841.709961
armored_car_0324 0.012198 442.646576 238.348022 625.005127 367.351990
armored_car_0325 0.999870 10.822510 101.296379 497.179535 289.055359
armored_car_0326 0.999891 28.619843 67.788864 717.114502 489.293640
armored_car_0334 0.999779 150.656342 336.881348 884.219238 852.671509
armored_car_0335 0.998161 19.845490 114.872864 610.798706 374.957062
armored_car_0336 0.999962 18.665527 81.472229 721.000000 461.911316
armored_car_0344 0.999919 68.818100 140.041031 363.453918 359.679382
armored_car_0345 0.999857 110.114944 159.088898 620.729614 386.919464
armored_car_0346 0.999961 309.031677 122.034492 782.798279 373.162537
armored_car_0346 0.059634 38.068176 264.969299 297.698761 371.701843
armored_car_0354 0.999846 9.354706 58.663452 640.000000 353.182373
armored_car_0355 0.999951 340.172272 82.122955 723.993164 358.703735
armored_car_0355 0.576417 102.166924 123.623154 256.277466 224.845901
armored_car_0356 0.999809 46.490005 87.715790 473.758057 369.430115
armored_car_0364 0.999970 1.000000 87.654266 516.015137 373.822388
armored_car_0365 0.999873 74.973999 285.004700 1454.427612 1232.616211
armored_car_0366 0.999887 75.682983 27.027824 383.528015 281.609833
armored_car_0374 0.856678 233.429260 213.337433 1137.043457 798.000000
armored_car_0375 0.999983 80.978424 90.870850 540.424683 369.965302
armored_car_0376 0.999984 81.767548 86.026642 539.258667 376.101715
armored_car_0384 0.999786 15.136566 86.290520 547.934326 289.725708
armored_car_0385 0.999940 85.241119 279.267151 866.261597 689.721313
armored_car_0386 0.999959 42.155151 43.730621 477.659546 355.422455
armored_car_0394 0.999987 25.716492 164.752151 728.898071 430.543091
armored_car_0395 0.999990 164.304916 135.569885 495.009277 379.463196
armored_car_0396 0.999870 3.261673 115.231430 332.804932 352.520020
armored_car_0396 0.007003 408.504395 197.693314 562.397766 323.575012
armored_car_0404 0.128551 40.980469 172.206360 564.734985 448.000000
armored_car_0405 0.999946 27.946823 5.538177 454.376770 370.947571
armored_car_0406 0.998816 29.666473 147.293900 442.274231 271.964447
armored_car_0414 0.999999 124.805527 186.794586 369.312073 345.420319
armored_car_0414 0.999987 21.334999 202.437500 161.443817 309.094238
armored_car_0414 0.999984 367.485870 204.060791 647.435669 336.025879
armored_car_0415 0.084107 30.636795 37.454300 445.635254 322.000000
armored_car_0416 0.998373 23.435364 212.200775 986.086914 622.606201
armored_car_0424 0.079965 311.890350 167.227570 1174.599731 944.290161
armored_car_0425 0.999921 10.599335 154.836624 504.710663 438.406067
armored_car_0426 0.099988 117.824799 82.677223 502.113617 311.847778
armored_car_0434 0.999957 1.878860 10.697273 391.446045 223.093079
armored_car_0435 0.999930 4.327454 118.654053 700.519043 395.814880
armored_car_0436 0.950112 15.355942 163.876953 254.701645 396.158875
armored_car_0436 0.244095 350.883575 231.251617 777.293335 408.773224
armored_car_0444 0.999876 4.334778 123.665581 483.032684 328.694550
armored_car_0445 0.999909 21.179993 84.132271 445.995728 336.429199
armored_car_0446 0.999964 74.262726 191.255127 714.075317 588.389099
armored_car_0454 0.988367 1.000000 6.019455 690.000000 356.000000
armored_car_0455 0.006265 138.229462 169.415115 653.061768 380.744507
armored_car_0456 0.999579 1.000000 7.275040 655.590576 425.111572
armored_car_0464 0.999805 1.000000 155.326813 1247.226074 670.445435
armored_car_0465 0.999867 102.670746 88.570541 636.384644 463.460754
armored_car_0466 0.994549 65.046967 99.777695 611.471558 344.419739
armored_car_0474 0.999843 23.076385 78.458496 490.000000 283.146362
armored_car_0475 0.999863 64.189606 61.291641 644.034912 435.611511
armored_car_0476 0.011021 289.620117 205.096451 1008.303345 544.194946
armored_car_0484 0.999844 33.492004 113.028702 552.687805 551.046570
armored_car_0485 0.999959 57.404510 103.607162 736.993774 381.418335
armored_car_0486 0.999997 44.841629 45.302551 471.813232 421.920227
armored_car_0494 0.999954 30.597961 3.850723 498.060852 304.943115
armored_car_0495 0.986573 17.676117 99.685333 640.000000 317.945770
armored_car_0496 0.553564 20.434662 128.885849 675.119263 434.676880
armored_car_0504 0.999962 161.838455 119.689911 499.601501 280.935272
armored_car_0505 0.999913 80.521194 95.384338 527.613220 363.679016
armored_car_0506 0.999941 73.593048 104.893082 674.735718 448.000000
armored_car_0514 0.061400 43.478088 7.048721 400.000000 278.000000
armored_car_0515 0.999804 4.244965 61.775101 730.229370 486.990723
armored_car_0516 0.998562 127.299789 116.030716 500.671143 299.624634
armored_car_0524 0.999916 48.917725 85.370590 498.373047 334.905518
armored_car_0525 0.014955 58.531708 185.248947 550.672363 448.000000
armored_car_0526 0.999954 11.328033 234.492767 745.151489 636.165283
armored_car_0534 0.419442 58.717224 84.069046 700.000000 466.000000
armored_car_0535 0.994501 168.480820 183.555359 631.582642 401.040894
armored_car_0536 0.999764 92.289490 39.990631 455.146912 320.989471
armored_car_0544 0.998903 40.875854 6.471443 324.278198 252.743225
armored_car_0545 0.995293 24.169769 146.474854 410.260132 303.444519
armored_car_0546 0.999905 87.753326 205.572357 807.264038 504.396515
armored_car_0554 0.999647 118.059875 71.710022 567.140869 350.852875
armored_car_0555 0.999962 1.000000 190.186325 690.285156 658.332642
armored_car_0556 0.999883 1.000000 85.885132 496.463440 333.000000
armored_car_0564 0.999771 59.042480 97.208115 651.408630 393.989258
armored_car_0565 0.999660 29.238846 148.071732 500.000000 374.715454
armored_car_0566 0.999971 1.000000 56.244736 596.806519 437.068909
armored_car_0574 0.999883 63.442963 78.693764 482.556915 303.548706
armored_car_0575 0.999845 178.143555 201.225403 1242.426147 931.000000
armored_car_0575 0.005631 1236.317261 394.264709 1443.831909 708.967224
armored_car_0576 0.017508 75.648575 21.570786 435.094360 344.285461
armored_car_0584 0.999908 1.000000 121.716125 1142.141357 918.720764
armored_car_0585 0.984958 125.928787 116.945976 500.000000 308.828552
armored_car_0586 0.994793 8.378571 134.135803 514.094482 285.564728
armored_car_0594 0.782205 383.667725 433.161743 2794.453369 1996.000000
armored_car_0595 0.999967 127.603897 64.085365 529.615723 299.315247
armored_car_0596 0.723555 171.714050 263.902313 548.333008 414.280548
armored_car_0604 0.969884 67.560181 390.696167 921.481567 1280.819458
armored_car_0605 0.999930 49.356842 46.609756 575.133545 357.288391
armored_car_0606 0.149181 103.718567 111.705139 980.000000 652.000000
armored_car_0614 0.999745 74.428528 167.303238 587.042297 460.831848
armored_car_0615 0.043850 43.752991 41.144028 586.134521 481.743652
armored_car_0616 0.996751 55.894203 82.001396 305.487274 230.216980
armored_car_0616 0.756960 441.543518 114.609055 500.000000 176.312302
armored_car_0616 0.307998 323.499268 119.224800 439.667053 196.897675
armored_car_0624 0.999981 64.010651 86.384064 889.649048 562.018188
armored_car_0625 0.999910 1.000000 32.222191 446.198120 177.186523
armored_car_0625 0.967909 461.171326 22.930473 632.353577 181.426086
armored_car_0626 0.999929 41.781677 89.122940 502.033508 314.996826
armored_car_0634 0.999899 1.000000 43.324265 590.000000 415.636963
armored_car_0635 0.999619 148.163147 68.079529 898.399109 635.589050
armored_car_0635 0.022854 46.701180 246.750122 194.668060 439.790100
armored_car_0635 0.020333 6.189957 220.351288 323.053833 459.211212
armored_car_0636 0.999936 27.507080 68.936043 257.507385 275.708618
armored_car_0644 0.998773 1.000000 68.788635 485.974609 341.555725
armored_car_0645 0.971078 11.349976 35.677689 626.228210 395.848938
armored_car_0646 0.999956 7.240402 89.794670 438.257812 289.642639
armored_car_0646 0.005677 195.832977 53.697556 245.434204 96.208633
armored_car_0654 0.999901 14.523972 105.712746 466.122070 326.000000
armored_car_0655 0.999836 1043.636719 583.219849 2575.893555 1730.731323
armored_car_0656 0.998955 81.564117 112.818375 488.829926 394.198853
armored_car_0664 0.999913 174.083389 125.924805 451.201477 274.082031
armored_car_0665 0.999976 25.764008 93.430710 790.142944 512.542175
armored_car_0666 0.999911 28.412048 26.749908 312.910553 297.000000
armored_car_0674 0.999606 1.000000 104.638184 400.000000 364.088501
armored_car_0675 0.892907 89.421356 13.835678 561.510132 402.000000
armored_car_0676 0.999742 41.801636 139.037201 568.395325 385.069122
armored_car_0676 0.990643 408.932159 119.311600 600.000000 389.601013
armored_car_0676 0.062568 201.932068 84.344208 362.341187 170.603333
armored_car_0676 0.005884 1.000000 150.248978 128.179779 321.830322
armored_car_0684 0.999942 1.000000 78.602066 522.756714 503.351318
armored_car_0685 0.999039 11.930740 8.475113 461.414856 339.000000
armored_car_0686 0.999989 5.440048 55.752472 159.198822 220.995148
armored_car_0686 0.999941 108.452011 17.853569 391.872009 264.801544
armored_car_0695 0.999975 49.267929 72.776855 425.630798 393.533325
armored_car_0696 0.999320 16.769348 457.578369 521.124268 691.480713
armored_car_0704 0.010323 346.214203 16.483490 437.411346 177.315765
armored_car_0704 0.011377 8.830475 13.321472 451.000000 231.927505
armored_car_0705 0.999889 1.000000 163.062988 577.404785 315.873627
armored_car_0706 0.999943 49.628052 121.366486 848.142090 559.759277
armored_car_0714 0.999989 13.282410 79.796173 650.000000 417.990265
armored_car_0715 0.999982 27.603546 23.418854 515.426270 330.656891
armored_car_0716 0.999929 3.240387 128.007019 551.446411 328.744293
armored_car_0724 0.040721 119.775162 126.191597 550.000000 367.000000
armored_car_0725 0.999970 1.000000 20.565628 519.000427 337.472229
armored_car_0726 0.999960 1.000000 89.805786 450.000000 287.814728
armored_car_0734 0.996865 299.248596 208.188644 837.141907 531.564575
armored_car_0735 0.970883 122.009705 643.306763 1171.000000 1423.627808
armored_car_0735 0.181060 735.767334 297.797363 1069.409668 712.276855
armored_car_0735 0.011438 24.265388 380.565735 240.115845 628.922546
armored_car_0735 0.009268 1.000000 286.264465 522.621826 867.402649
armored_car_0735 0.007845 270.152100 308.528412 841.599854 727.491577
armored_car_0736 0.998679 17.408401 91.090553 400.966248 265.621552
armored_car_0744 0.999805 73.393051 150.568115 410.252686 308.806366
armored_car_0745 0.999799 11.346130 111.179550 330.237671 350.000000
armored_car_0746 0.999978 117.880585 46.898911 450.363007 269.500549
armored_car_0746 0.996560 3.822922 111.798409 120.937935 193.917267
armored_car_0746 0.006666 34.759518 75.821884 103.873978 208.505264
armored_car_0754 0.999954 151.099091 50.837296 528.703125 351.257690
armored_car_0755 0.999973 35.664795 44.793732 597.754028 386.501617
armored_car_0756 0.999560 93.499771 117.806084 563.018555 326.888947
armored_car_0764 0.999821 137.260071 114.841721 830.785706 608.042480
armored_car_0765 0.237539 84.158905 102.182671 420.342712 281.818787
armored_car_0766 0.999912 18.052017 44.004333 529.317261 366.594757
armored_car_0774 0.999769 16.251495 35.963593 590.683105 440.965302
armored_car_0776 0.999968 34.319519 65.255127 627.562561 438.068481
armored_car_0784 0.999972 11.769867 86.886116 409.547455 306.092041
armored_car_0786 0.999490 177.304428 39.199783 596.580078 351.225464
armored_car_0794 0.976157 42.949295 42.539948 463.064514 349.901306
armored_car_0795 0.999935 25.409622 17.851921 398.430359 253.000000
armored_car_0796 0.999907 91.366989 44.327621 527.227661 356.858215
armored_car_0804 0.999576 7.412170 81.022339 775.065186 548.954041
armored_car_0805 0.983615 21.502838 100.276703 598.000000 397.308990
armored_car_0806 0.999914 14.236191 120.971901 270.482300 232.818054
armored_car_0814 0.999898 104.655731 222.527557 553.190308 480.000000
armored_car_0814 0.005087 528.523743 262.853882 636.758850 410.564087
armored_car_0815 0.997285 28.383240 86.158035 490.000000 369.037842
armored_car_0816 0.168042 177.626343 122.060852 707.467468 491.881226
armored_car_0824 0.999777 7.298401 121.370605 520.968201 313.395966
armored_car_0825 0.994955 53.224915 94.262115 488.535278 610.733765
armored_car_0825 0.718305 320.704041 128.843201 512.000000 448.449219
armored_car_0826 0.999995 60.543427 54.888367 635.041504 487.855347
armored_car_0834 0.999264 1.000000 53.025955 548.000000 346.938110
armored_car_0834 0.011682 429.306335 53.248154 540.896912 309.206970
armored_car_0835 0.999315 16.433228 104.850113 336.508057 323.453674
armored_car_0836 0.999985 1.000000 28.662598 373.498901 222.816925
armored_car_0836 0.998229 73.282166 110.708862 631.297668 432.000000
armored_car_0844 0.586920 44.596588 1.000000 625.967896 429.267456
armored_car_0845 0.970650 87.889923 61.315720 564.425537 419.757874
armored_car_0846 0.999817 13.407196 67.111069 579.026489 354.790405
armored_car_0846 0.012251 338.022461 45.930187 436.077393 163.758514
armored_car_0854 0.999914 69.773560 51.264748 442.403229 300.303833
armored_car_0855 0.999961 1.000000 71.431305 789.856323 505.048431
armored_car_0856 0.955846 98.707520 63.366409 748.018555 494.183716
armored_car_0864 0.991871 259.204041 120.392334 600.799561 378.000000
armored_car_0864 0.052287 336.356140 90.910217 484.461853 195.467072
armored_car_0864 0.009072 695.638550 81.685699 863.202515 196.121185
armored_car_0865 0.999994 78.082031 49.489723 493.580933 215.607391
armored_car_0866 0.999938 41.088974 68.551987 523.191528 398.772156
armored_car_0874 0.999740 10.709137 152.741074 679.355835 590.949280
armored_car_0875 0.552440 28.437897 30.756866 711.812622 503.000000
armored_car_0876 0.999894 6.319687 47.384186 436.943542 294.118713
armored_car_0885 0.999913 94.707062 52.628983 582.927734 407.332397
armored_car_0886 0.999783 5.841644 93.525955 731.669678 413.861389
armored_car_0894 0.999841 16.071991 161.616516 406.406067 479.383850
armored_car_0895 0.999873 9.967758 30.905716 368.353210 262.456360
armored_car_0896 0.999959 43.192886 57.031937 552.793091 405.000000
armored_car_0904 0.432214 25.262329 418.262726 460.016663 637.802063
armored_car_0904 0.354565 290.136414 203.229538 500.000000 404.135803
armored_car_0904 0.052561 28.482727 23.995148 452.888428 196.743896
armored_car_0904 0.006181 82.305832 1.000000 430.867798 612.229797
armored_car_0905 0.550436 392.156860 195.409821 618.153992 310.179596
armored_car_0905 0.490050 16.752197 147.714798 376.109009 378.255676
armored_car_0906 0.999954 3.043106 46.628525 439.091309 314.475464
armored_car_0914 0.999974 47.276306 100.854050 794.004517 485.055908
armored_car_0915 0.999778 58.318542 134.748123 503.026611 394.286072
armored_car_0916 0.999767 71.235306 71.894623 455.004761 328.943787
armored_car_0924 0.999977 23.867920 81.675354 759.830383 493.911011
armored_car_0925 0.999969 4.863190 83.847321 800.000000 501.945892
armored_car_0926 0.999952 36.751633 65.996727 360.639038 239.313568
armored_car_0934 0.999952 149.548141 63.247208 563.294067 363.496094
armored_car_0935 0.998667 1.000000 66.972992 544.867188 459.080109
armored_car_0936 0.998745 3.540054 26.621597 292.898987 213.251831
armored_car_0944 0.999744 10.797287 98.762192 285.499573 233.492020
armored_car_0944 0.007133 247.447510 129.377075 289.694092 177.473938
armored_car_0945 0.999955 52.363983 93.196259 921.122681 629.601807
armored_car_0946 0.999983 51.314377 41.372910 539.579834 344.753723
armored_car_0954 0.999968 33.323105 86.399811 492.738525 360.077515
armored_car_0955 0.999911 79.733566 103.152313 538.378418 426.872467
armored_car_0956 0.999961 46.288712 31.618103 497.801147 404.723694
armored_car_0964 0.999836 24.472015 92.733124 577.203003 524.619507
armored_car_0965 0.971610 64.905975 64.633560 637.669678 432.152954
armored_car_0966 0.988820 92.912506 29.976013 638.231323 394.419617
armored_car_0974 0.054674 387.001770 121.481079 530.177002 410.275635
armored_car_0974 0.993135 15.836594 123.470444 451.608521 505.326111
armored_car_0974 0.917987 526.606445 148.408966 734.497192 307.311646
armored_car_0975 0.999785 27.823654 73.791565 382.917725 250.747314
armored_car_0976 0.999947 8.770355 54.139740 313.217957 206.351929
armored_car_0984 0.999838 18.926575 93.580795 727.765259 483.835388
armored_car_0985 0.999266 1.402710 109.971619 534.520874 295.098358
armored_car_0986 0.999779 1.000000 135.664825 486.064697 533.032837
armored_car_0994 0.999983 9.929169 78.185318 579.847168 421.934509
armored_car_0995 0.999540 25.516052 140.470459 396.276794 331.246246
armored_car_0995 0.778169 271.519897 111.300034 367.545166 179.307693
armored_car_0996 0.999981 1.000000 43.798523 600.000000 393.405548
armored_car_1004 0.987999 51.042526 122.168083 343.574829 324.625458
armored_car_1005 0.999809 32.610931 82.878662 977.408081 657.149475
armored_car_1006 0.999825 7.818611 61.561531 219.820007 190.686584
armored_car_1014 0.999968 3.860138 30.945026 180.000000 107.291229
armored_car_1015 0.999964 15.435684 32.294807 283.232239 192.068878
armored_car_1016 0.490061 9.873352 36.600014 220.841019 179.000000
armored_car_1024 0.999957 9.642105 50.602158 275.651855 225.000000
armored_car_1025 0.999866 30.026566 1.000000 267.729065 182.000000
armored_car_1026 0.999975 1.000000 12.224468 150.000000 80.919998
armored_car_1034 0.986998 10.865334 14.618500 236.240051 171.000000
armored_car_1035 0.999974 1.000000 28.048073 294.987915 206.076935
armored_car_1036 0.999851 1.000000 69.862770 300.000000 229.085724
armored_car_1044 0.999991 6.705246 11.408443 148.631027 90.844696
armored_car_1045 0.999963 1.000000 13.796303 300.000000 190.000000
armored_car_1046 0.999932 18.555618 27.879524 238.313461 171.770386
armored_car_1054 0.935965 2.416176 70.398148 252.790955 156.000000
armored_car_1055 0.989416 10.340622 78.074051 309.652100 270.069641
armored_car_1055 0.310850 111.633911 89.204453 550.000000 276.000000
armored_car_1056 0.051472 63.560471 27.718933 362.185791 186.843918
armored_car_1064 0.999957 24.541687 49.703152 230.270599 144.319092
armored_car_1065 0.999979 7.470596 13.304970 277.452271 237.000000
armored_car_1066 0.999978 11.780289 34.751923 296.895020 209.119202
armored_car_1074 0.999978 42.567780 119.028999 541.774658 320.821381
armored_car_1075 0.013398 143.874878 229.274109 2221.922363 1938.006592
armored_car_1076 0.085632 118.861740 22.785465 178.237198 50.038105
armored_car_1076 0.690756 87.739990 137.562683 188.405853 288.614258
armored_car_1084 0.999853 2.216484 7.506310 245.844666 145.281250
armored_car_1085 0.999909 1.000000 15.086357 373.000000 193.260864
armored_car_1086 0.999434 59.681183 45.042221 305.634644 192.581116
armored_car_1094 0.804151 114.298782 254.543045 501.038818 368.008057
armored_car_1095 0.894489 578.742371 413.846954 957.431824 537.988831
armored_car_1096 0.999919 16.372360 6.646919 302.048340 186.804047
armored_car_1104 0.999987 162.889359 211.110870 250.750351 317.218781
armored_car_1104 0.999373 267.181122 241.924805 387.666229 348.927551
armored_car_1104 0.915535 408.539764 241.677414 502.697723 310.356476
armored_car_1104 0.895936 40.370201 214.367859 113.512001 312.152954
armored_car_1104 0.058205 349.178589 236.293030 432.718201 312.630798
armored_car_1104 0.014727 249.813400 236.548920 315.697723 292.563934
armored_car_1106 0.991269 343.647491 216.215698 601.774902 370.181519
armored_car_1106 0.963756 94.159348 205.629349 249.254807 373.962646
armored_car_1106 0.420463 60.376007 10.213783 264.759003 203.232391
armored_car_1106 0.022636 353.317078 5.826355 621.500549 194.209534
armored_car_1114 0.718007 92.588501 25.354034 1250.000000 832.000000
armored_car_1115 0.019601 71.740631 91.037636 540.303223 283.956635
armored_car_1116 0.972482 88.830109 255.041763 646.294189 730.416565
armored_car_1124 0.042673 77.956932 130.842361 214.511505 194.805771
armored_car_1124 0.009169 289.585327 213.862579 441.570251 305.345062
armored_car_1126 0.989601 1.000000 21.613266 269.822937 338.062378
armored_car_1134 0.981817 16.688141 63.115921 639.741943 391.326477
armored_car_1135 0.937491 347.274719 119.343582 614.790649 327.625488
armored_car_1135 0.589441 15.534843 86.420547 245.206329 413.295715
armored_car_1136 0.993620 126.366882 77.298302 297.052155 277.396606
armored_car_1136 0.978512 367.588837 43.630417 560.076416 280.370728
armored_car_1144 0.999884 181.935501 226.734436 583.659058 375.904663
armored_car_1145 0.929346 53.120132 147.162033 407.815735 470.127808
armored_car_1146 0.266982 470.121765 145.980286 511.083069 194.837189
armored_car_1146 0.999342 301.403351 273.598694 464.393524 380.551270
armored_car_1146 0.869131 498.198486 195.372437 592.887207 269.024414
armored_car_1146 0.049783 516.764954 190.086121 574.775696 250.073334
armored_car_1146 0.044262 66.265205 171.168121 292.321716 285.682220
armored_car_1146 0.008008 338.482544 266.115051 482.768738 340.888489
armored_car_1154 0.999646 28.409805 8.903221 366.023560 262.975220
armored_car_1155 0.376114 193.697998 309.964783 480.424561 527.659729
armored_car_1156 0.451140 249.129944 229.366211 1919.235107 1031.936523
car_a0351 0.007805 52.078796 25.985168 413.014984 374.170502
car_a1038 0.008052 352.705566 557.698730 2317.306152 1541.938721
car_a1148 0.013315 201.949310 196.473389 1054.809692 739.051208
car_a1208 0.022813 269.773193 291.289551 1375.632446 714.830078
car_a1248 0.041685 904.468628 85.037354 2965.617676 2577.321533
car_o0419 0.005176 60.124847 11.851959 442.672729 334.000000
car_o1106 0.006643 266.658020 570.593140 1675.689209 1197.436768
car_o1208 0.010430 364.737610 283.944153 1398.138916 735.937317
car_o1227 0.085959 243.198425 613.678589 1541.261475 1003.257446
car_o1238 0.006610 37.457947 210.824783 505.222900 398.531250
car_o1248 0.028862 647.265869 1.000000 2926.244141 2592.000000
car_o1316 0.044089 467.592468 189.742859 1509.648926 707.189819
car_o1416 0.009854 430.048370 206.920456 1343.725098 704.722473
off-road_vehicle_a0010 0.046329 104.107208 32.015625 935.437988 611.593811
off-road_vehicle_a0029 0.006931 79.116669 3.681259 620.457886 415.000000
off-road_vehicle_a0038 0.100417 35.353485 40.108345 497.558685 261.920959
off-road_vehicle_a0049 0.010890 184.376892 1.000000 1033.271240 752.130615
off-road_vehicle_a0059 0.005169 68.419327 140.993820 363.735107 304.771240
off-road_vehicle_a0078 0.025708 44.199203 45.896500 434.951660 308.975281
off-road_vehicle_a0088 0.007523 193.606949 95.790306 501.702087 285.660767
off-road_vehicle_a0090 0.007767 148.358154 59.549454 536.413696 460.000000
off-road_vehicle_a0098 0.005088 25.859116 34.772079 383.567505 210.993912
off-road_vehicle_a0120 0.999975 1.000000 54.599075 634.736084 351.114380
off-road_vehicle_a0140 0.010501 128.263062 75.343666 545.058838 305.965240
off-road_vehicle_a0149 0.012695 19.730011 33.504990 570.000000 379.779785
off-road_vehicle_a0169 0.941613 2.637451 45.814926 593.133301 379.247559
off-road_vehicle_a0178 0.005071 123.611816 1.000000 770.473816 588.000000
off-road_vehicle_a0198 0.008682 1.000000 88.770874 500.000000 454.866760
off-road_vehicle_a0199 0.012310 234.453613 186.558701 766.260925 526.787354
off-road_vehicle_a0200 0.111036 141.470795 58.426842 293.351227 272.307037
off-road_vehicle_a0209 0.140569 38.589447 53.363480 590.000000 387.853882
off-road_vehicle_a0228 0.016707 2.063507 78.391296 628.070923 437.000000
off-road_vehicle_a0240 0.010028 240.256012 82.061234 719.618286 457.584229
off-road_vehicle_a0240 0.007112 1.000000 72.464874 466.099670 376.475250
off-road_vehicle_a0268 0.018097 42.931641 41.126251 351.980591 300.000000
off-road_vehicle_a0269 0.011449 76.978958 20.762497 467.761047 346.138062
off-road_vehicle_a0279 0.009146 81.460159 100.621986 451.617615 334.558044
off-road_vehicle_a0298 0.007352 23.106842 38.907074 450.000000 319.192963
off-road_vehicle_a0308 0.057111 1.000000 51.841530 283.300385 243.357971
off-road_vehicle_a0338 0.010248 33.198486 157.040756 484.523376 342.917297
off-road_vehicle_a0339 0.999977 214.012634 44.263432 400.537048 141.171967
off-road_vehicle_a0339 0.035329 1.000000 55.922958 480.865540 331.634399
off-road_vehicle_a0358 0.013212 1.000000 102.783737 55.265221 159.479538
off-road_vehicle_a0360 0.019358 67.725220 122.097565 564.312744 406.000000
off-road_vehicle_a0388 0.007265 234.755646 1.000000 1079.451294 765.357910
off-road_vehicle_a0420 0.049018 42.860077 17.613113 654.633423 437.839905
off-road_vehicle_a0429 0.009182 553.157471 8.418182 716.401001 264.645081
off-road_vehicle_a0430 0.005747 188.002747 15.672104 329.517944 254.669601
off-road_vehicle_a0440 0.018211 101.892059 119.186615 903.746338 709.767212
off-road_vehicle_a0460 0.018691 42.616898 20.016205 437.655762 325.723938
off-road_vehicle_a0469 0.005703 275.838806 188.050568 500.000000 293.534546
off-road_vehicle_a0490 0.118169 78.812408 1.000000 469.785431 363.006531
off-road_vehicle_a0498 0.006034 27.740311 77.138924 393.524109 280.880035
off-road_vehicle_a0499 0.007727 33.462044 42.338707 225.675781 150.048920
off-road_vehicle_a0500 0.005863 1.000000 41.242142 291.677551 191.907669
off-road_vehicle_a0548 0.013229 90.487976 100.240845 959.784363 1020.961670
off-road_vehicle_a0549 0.006629 1.000000 133.158264 1205.051880 927.528748
off-road_vehicle_a0550 0.196805 53.452148 106.507477 676.619629 648.534912
off-road_vehicle_a0570 0.005012 40.387413 27.415947 224.314575 164.832397
off-road_vehicle_a0579 0.007354 13.352074 1.980026 262.509705 155.215332
off-road_vehicle_a0580 0.011634 1.000000 84.037354 660.000000 428.134308
off-road_vehicle_o0022 0.010610 94.537643 71.365303 446.062805 325.552643
off-road_vehicle_o0033 0.006991 100.029663 120.637665 724.991821 443.895233
off-road_vehicle_o0034 0.999656 159.791199 198.060608 692.564148 506.843811
off-road_vehicle_o0043 0.069019 99.990768 73.692787 190.786758 240.827789
off-road_vehicle_o0044 0.999866 43.230438 61.415825 397.867065 303.572266
off-road_vehicle_o0064 0.041096 62.933243 59.185974 559.570007 487.837280
off-road_vehicle_o0073 0.075080 28.812447 63.371986 264.728363 232.000000
off-road_vehicle_o0074 0.015162 119.916946 87.299637 568.911743 375.373474
off-road_vehicle_o0102 0.024475 143.883316 1.000000 574.664856 449.488098
off-road_vehicle_o0123 0.189968 365.641022 187.901550 482.328583 367.322388
off-road_vehicle_o0152 0.014204 68.836060 27.835938 531.569031 362.140778
off-road_vehicle_o0163 0.061723 36.068085 1.000000 657.468140 371.599579
off-road_vehicle_o0172 0.007144 76.218506 46.295227 446.422302 360.000000
off-road_vehicle_o0182 0.999591 63.139206 150.767700 448.111633 287.013947
off-road_vehicle_o0183 0.007565 95.079117 53.718567 515.348328 424.538818
off-road_vehicle_o0184 0.005223 1.000000 50.893639 458.075623 300.555511
off-road_vehicle_o0203 0.015296 41.193054 73.988495 768.240051 434.672638
off-road_vehicle_o0204 0.013235 68.766342 81.831879 563.288818 381.353516
off-road_vehicle_o0242 0.012440 9.788818 122.409431 333.694244 354.851593
off-road_vehicle_o0263 0.009922 292.657349 191.060516 583.555359 363.427765
off-road_vehicle_o0274 0.005498 50.035553 33.194504 602.000000 413.910339
off-road_vehicle_o0304 0.008299 20.990898 100.386795 245.367310 412.420837
off-road_vehicle_o0312 0.024645 161.904816 28.342041 690.000000 446.505249
off-road_vehicle_o0332 0.011552 1.000000 31.662628 303.737305 238.521515
off-road_vehicle_o0342 0.087959 83.868439 21.108917 610.174561 418.000000
off-road_vehicle_o0354 0.006788 1.000000 12.257843 418.899567 300.000000
off-road_vehicle_o0363 0.006869 100.386536 25.639999 375.472839 304.794495
off-road_vehicle_o0402 0.006654 91.402252 76.807991 432.548553 331.278168
off-road_vehicle_o0403 0.008483 54.023972 35.857132 436.232971 353.142029
off-road_vehicle_o0404 0.005198 43.237946 19.674164 640.000000 393.954254
off-road_vehicle_o0414 0.017547 60.602753 165.295624 700.000000 797.325928
off-road_vehicle_o0423 0.014128 52.071091 50.331993 371.151978 265.000000
off-road_vehicle_o0462 0.008429 61.707001 10.862869 541.156494 360.349548
off-road_vehicle_o0483 0.005094 171.603790 58.235603 451.000000 231.255188
off-road_vehicle_o0484 0.050440 79.392685 110.089317 456.584839 307.157410
off-road_vehicle_o0484 0.018723 354.902191 2.529129 481.505035 108.880188
off-road_vehicle_o0543 0.008298 56.003723 29.282539 290.408722 216.881592
off-road_vehicle_o0582 0.010969 40.728653 18.685043 504.846863 410.000000
off-road_vehicle_o0584 0.010027 16.527267 334.616730 357.142883 560.000000
street_o0124 0.005442 19.866135 644.263611 319.461121 717.112854
tank_a0003 0.022036 1.000000 138.743073 800.000000 502.997772
tank_a0022 0.034047 88.221481 117.512337 456.377319 242.724731
tank_a0024 0.006726 1.000000 37.966141 324.768066 500.000000
tank_a0032 0.005955 1.000000 50.628067 436.898682 368.607544
tank_a0042 0.021486 13.784348 120.712639 490.512268 268.771118
tank_a0042 0.007419 239.141388 106.486809 500.000000 320.571228
tank_a0052 0.007082 47.073822 37.426849 640.000000 416.146088
tank_a0062 0.010118 40.757584 22.973160 500.000000 319.321045
tank_a0063 0.012146 347.823669 139.778381 446.583679 285.939117
tank_a0064 0.011764 4.221237 51.344406 394.000000 266.282593
tank_a0073 0.006878 1.000000 44.347855 500.000000 323.106262
tank_a0092 0.033002 73.955963 213.874771 150.351028 281.667603
tank_a0094 0.006480 18.072647 140.048004 341.643738 270.377838
tank_a0114 0.005578 48.338562 58.508492 400.000000 245.427856
tank_a0143 0.012028 19.184021 72.808632 407.580139 296.069763
tank_a0152 0.008102 55.279953 159.074539 429.463989 305.683777
tank_a0162 0.009278 3.226517 149.224823 466.890442 375.000000
tank_a0173 0.010708 29.338684 108.099396 500.000000 270.702942
tank_a0184 0.017592 64.971985 164.318405 499.419434 278.928955
tank_a0192 0.015159 385.588379 169.568024 483.363892 341.300507
tank_a0194 0.006617 22.120102 88.242393 456.557251 307.293610
tank_a0204 0.025470 35.116074 26.205475 400.000000 297.439301
tank_a0223 0.216876 343.553955 197.893433 872.318359 628.120789
tank_a0224 0.007567 1999.130493 316.758209 2459.742188 1297.962524
tank_a0233 0.025725 63.345840 11.479225 372.524719 265.423645
tank_a0234 0.008738 1.000000 51.897797 1200.000000 745.369019
tank_a0242 0.369311 49.984741 88.208092 550.000000 322.925751
tank_a0243 0.936077 10.915405 263.382874 640.000000 892.848206
tank_a0243 0.012389 342.384216 435.346191 635.437622 769.779663
tank_a0244 0.048086 1.000000 201.948364 1280.000000 828.381958
tank_a0254 0.008391 56.988037 21.784592 468.145142 331.000000
tank_a0264 0.079687 867.518799 353.187225 2506.743164 1015.447998
tank_a0274 0.169179 4.618301 1.000000 270.113464 178.000000
tank_a0283 0.186206 67.942474 58.337601 600.813599 458.212769
tank_a0292 0.009049 1.000000 89.485786 495.907166 226.819550
tank_a0293 0.094154 29.089851 27.277344 279.633820 234.000000
tank_a0294 0.999870 150.581238 130.071228 966.750916 683.739563
tank_a0322 0.035657 29.073486 89.222580 600.000000 394.240417
tank_a0323 0.072431 42.627441 62.905304 1152.000000 720.000000
tank_a0332 0.026416 183.067993 208.084961 647.978210 624.714111
tank_a0333 0.005884 1.000000 122.310974 1100.000000 526.229065
tank_a0334 0.049295 37.696167 107.941414 341.755219 348.949219
tank_a0342 0.030950 9.342682 173.687714 940.768677 720.112549
tank_a0342 0.025694 730.281494 83.438881 1021.174683 324.881012
tank_a0343 0.007181 368.199829 230.380188 2048.000000 989.684143
tank_a0352 0.869305 2.457397 51.797882 584.134521 392.006958
tank_a0353 0.049146 149.289291 78.646454 554.551392 349.218567
tank_a0363 0.012356 99.391968 76.886444 590.000000 324.320038
tank_a0364 0.012549 1.000000 119.198303 1024.000000 739.025574
tank_a0372 0.016889 1.000000 131.508942 1200.000000 721.431885
tank_a0374 0.060371 54.275650 272.173462 384.621460 395.651062
tank_a0374 0.010778 357.627808 216.127319 669.388428 346.985962
tank_a0404 0.740571 9.985352 81.897842 300.000000 205.666245
tank_a0414 0.009167 297.562103 44.157990 947.042603 732.924683
tank_a0422 0.006566 24.787018 186.249512 1024.000000 543.830688
tank_a0432 0.008427 17.881653 301.127380 1765.295898 1049.751709
tank_a0453 0.387696 1.000000 312.569885 1024.000000 696.621643
tank_a0472 0.009326 1.000000 42.024902 605.000000 429.729645
tank_a0492 0.018330 14.039307 82.107758 690.295166 437.030792
tank_a0493 0.013801 1.000000 46.101948 283.000000 162.188049
tank_a0513 0.045409 66.206833 442.136322 479.764465 798.452637
tank_a0513 0.009913 214.219543 575.320068 1217.560303 919.664307
tank_a0513 0.008916 1113.947388 455.572815 1439.189331 794.511902
tank_a0524 0.375360 5.680359 65.304108 569.000000 357.000000
tank_a0542 0.006775 43.775146 57.477158 499.000000 325.000000
tank_a0543 0.010512 908.538330 219.705750 1920.000000 927.678650
tank_a0544 0.006391 13.497223 61.433701 450.000000 273.369202
tank_a0552 0.036824 13.681213 87.596306 500.000000 330.339417
tank_a0554 0.122596 112.330811 108.161835 1600.000000 774.538452
tank_a0572 0.926529 39.160645 79.698517 850.585388 400.978699
tank_a0574 0.006890 30.297180 76.856354 1024.000000 542.409424
tank_a0582 0.011836 1.000000 91.787483 500.000000 331.937500
tank_a0583 0.200237 25.378189 110.599472 500.000000 275.627808
tank_a0584 0.072237 52.782928 265.926331 812.582275 943.541687
tank_a0594 0.993285 75.470459 384.386597 1133.493896 1042.000000
tank_a0603 0.016264 1.000000 1.000000 1600.000000 926.000000
tank_a0613 0.082065 47.349640 32.085190 493.703766 333.170105
tank_a0623 0.011492 410.317871 1293.427979 4603.296875 2867.623779
tank_a0652 0.902133 213.258331 59.181366 278.412537 140.963516
tank_a0652 0.006973 36.559814 19.063377 247.869324 171.861084
tank_a0653 0.006499 85.638382 116.033470 496.479858 292.754913
tank_a0672 0.024173 57.864258 148.807785 1144.774658 626.982971
tank_a0682 0.059856 80.992004 4.027039 955.443420 693.931213
tank_a0702 0.999987 47.356033 20.643585 421.091797 333.278351
tank_a0704 0.567755 25.537079 74.783104 294.943390 327.802643
tank_a0704 0.017029 782.410950 44.944275 1011.270081 417.737183
tank_a0712 0.855625 26.836021 4.844292 254.943359 212.600739
tank_a0713 0.007741 72.629608 82.338837 765.122681 600.000000
tank_a0714 0.105878 169.047256 176.967667 316.666138 256.695526
tank_a0723 0.203068 1.000000 125.104324 600.000000 345.998352
tank_a0724 0.018396 68.945435 215.514404 1142.899658 784.385071
tank_a0733 0.019987 74.210205 466.211334 1434.195190 1004.089722
tank_o0020 0.016335 260.574310 1.000000 500.000000 375.000000
tank_o0039 0.006466 24.171127 56.483665 319.416565 236.015259
tank_o0048 0.028240 27.041290 188.244125 800.000000 545.073364
tank_o0049 0.010688 88.406784 30.104691 472.966919 351.273865
tank_o0059 0.018750 212.036057 97.774498 500.000000 289.252838
tank_o0068 0.005125 102.559204 78.968094 500.000000 352.258423
tank_o0070 0.011143 70.610092 106.004585 490.621765 254.266052
tank_o0078 0.571264 9.987976 49.566528 468.932281 402.171417
tank_o0080 0.005013 13.358582 144.102783 493.071350 370.773499
tank_o0088 0.011819 6.181351 89.891167 379.000000 220.948120
tank_o0108 0.019554 1.999317 116.514175 85.274063 288.612915
tank_o0108 0.011540 46.950882 122.495079 436.825134 295.847534
tank_o0120 0.005883 8.011047 70.730843 497.338501 286.382141
tank_o0149 0.005696 160.568832 142.761719 342.187622 209.166168
tank_o0150 0.227989 38.394470 38.055756 463.529053 336.000000
tank_o0170 0.026491 390.370850 198.629211 500.000000 289.669434
tank_o0170 0.019464 8.934265 31.287079 500.000000 311.773712
tank_o0180 0.008188 8.017273 48.152496 662.000000 444.000000
tank_o0188 0.005349 39.621704 35.579201 500.000000 276.000000
tank_o0189 0.007588 44.137558 38.348770 500.000000 318.033264
tank_o0190 0.006384 73.826775 3.370369 143.764160 81.141724
tank_o0210 0.005837 10.011719 103.535965 500.000000 374.308472
tank_o0220 0.005167 1.000000 62.496582 500.000000 352.796661
truck_0063 0.188893 23.552853 21.522598 145.000900 156.000000
truck_0077 0.009465 1.000000 43.429756 307.813812 278.265045
truck_0107 0.005431 1.000000 72.633514 469.312195 240.187347
truck_0189 0.007141 135.494797 63.446304 487.801086 369.050903
truck_0209 0.016004 1.000000 145.754425 421.271912 262.089874
truck_0231 0.012994 26.364212 96.967194 453.309082 289.854462
truck_0415 0.034246 107.117996 107.010132 405.549438 398.000000
truck_0465 0.017789 29.068008 13.120346 482.186890 399.000000
truck_0490 0.005915 115.978668 214.196518 669.017456 333.794922
truck_0511 0.008016 16.900475 68.825348 207.263489 334.330231
truck_0532 0.020326 28.384827 52.059250 328.307098 184.098175
truck_0561 0.029795 1.000000 33.328083 232.725433 143.754364
truck_0580 0.007965 35.533058 24.812439 242.757965 165.156250
truck_0849 0.016551 49.184280 29.813828 443.762390 375.000000
truck_0898 0.053548 1.000000 1.000000 322.708130 333.000000
truck_0908 0.015912 47.042755 90.594574 305.320496 437.999359
truck_0919 0.024378 1.000000 91.869156 742.098450 451.469666
truck_0950 0.006577 97.914978 58.042801 140.146301 91.299271
truck_0971 0.006050 1.000000 113.942284 500.000000 237.333801
