2007_002611 0.005761 6.737976 8.453949 371.184845 362.408813
2007_003742 0.028801 4.398262 43.104095 181.629578 257.559357
2007_004049 0.014555 1.000000 8.845947 353.677032 432.848511
2008_000203 0.024805 70.520798 90.998375 248.753464 259.049103
2008_000260 0.955170 287.224579 85.654015 500.000000 233.931061
2008_001432 0.006699 312.014374 153.730026 398.540863 199.322983
2008_001910 0.007629 94.954147 37.193375 375.000000 300.344727
2008_004713 0.007687 86.850632 35.016922 428.522461 347.381042
2009_001320 0.017678 18.200119 21.267059 478.445496 342.725739
2009_005242 0.059793 1.000000 47.173508 500.000000 318.809753
2010_003729 0.942198 179.123367 38.394333 488.220520 311.778015
2010_004186 0.025803 22.324768 127.925003 219.695358 375.000000
2010_004186 0.961745 130.799286 102.873344 439.048553 340.786194
2010_004186 0.068149 247.834366 111.740524 500.000000 273.686584
2010_005389 0.010325 169.577988 175.835663 271.712097 225.252991
2010_006140 0.007309 1.000000 30.562912 500.000000 341.679016
2010_006794 0.006011 36.955223 111.056183 290.960602 473.582672
2011_000344 0.005975 1.000000 19.871902 432.624054 333.805725
2011_001124 0.612059 90.812668 130.467194 244.694199 244.592102
2011_001124 0.009611 7.879089 118.867226 146.242035 247.714539
2011_001193 0.078104 227.671463 115.325134 479.656433 237.197571
2011_001193 0.005926 36.840088 121.135071 222.453400 238.343658
2011_002106 0.007066 266.101196 82.146996 481.230896 249.317657
2011_002956 0.007686 367.504181 234.682175 498.443695 375.000000
2011_003114 0.073982 120.507202 54.911758 370.570587 329.566895
2011_003322 0.022574 1.000000 29.947327 331.582642 375.000000
2011_004651 0.029499 1.000000 127.587402 327.630157 474.220642
2011_004654 0.008030 153.010788 67.326187 379.954346 260.334900
2012_000174 0.855680 30.538071 60.812134 442.033020 364.346710
2012_000365 0.005839 188.120758 1.000000 500.000000 375.000000
2012_001155 0.040597 105.462662 18.255554 409.459167 463.884338
airplane_a0265 0.005311 463.867279 254.961716 541.591919 299.637238
armored_car_0005 0.066870 224.919098 101.490997 869.177368 730.460815
armored_car_0025 0.043180 307.672485 227.304504 1687.471802 1466.798096
armored_car_0025 0.941304 1644.283447 571.972412 2250.000000 1135.788452
armored_car_0026 0.220866 86.559723 316.903931 760.283936 964.195435
armored_car_0035 0.035159 242.055115 204.375000 1146.985840 813.712830
armored_car_0055 0.006378 310.789185 96.776985 413.969116 237.596893
armored_car_0056 0.368660 128.916473 128.463562 636.879150 393.004272
armored_car_0074 0.005266 68.015015 100.727081 1000.000000 653.911987
armored_car_0085 0.603947 61.285553 8.034210 960.719727 747.439453
armored_car_0095 0.132171 136.531982 70.314331 993.546631 674.000000
armored_car_0096 0.030761 18.087944 139.651245 101.088799 288.252441
armored_car_0126 0.021464 586.809937 1367.649658 4475.427734 3133.321533
armored_car_0134 0.021387 719.320801 796.227051 958.768188 947.341919
armored_car_0134 0.028353 985.059021 808.985474 1143.614624 929.978882
armored_car_0144 0.988951 188.731918 162.952866 633.917603 371.162537
armored_car_0146 0.124689 99.751770 1.000000 1157.222168 816.898682
armored_car_0156 0.008812 175.807404 100.562485 690.231934 381.868408
armored_car_0164 0.994761 23.957886 41.547531 542.337463 337.658142
armored_car_0165 0.005885 110.594482 129.597885 653.075867 480.000000
armored_car_0165 0.639878 1.000000 155.936646 151.208221 340.796661
armored_car_0166 0.999872 1.000000 28.381325 600.000000 226.414001
armored_car_0175 0.005622 128.125000 52.249664 347.486206 260.321594
armored_car_0184 0.005314 16.608063 55.579987 902.262451 709.000000
armored_car_0185 0.020742 9.567017 27.576920 563.993530 431.233948
armored_car_0196 0.018452 33.365860 1.000000 449.872986 336.498108
armored_car_0224 0.079822 509.229736 117.863411 663.458984 245.234741
armored_car_0245 0.147015 15.322418 131.152237 172.130280 246.206253
armored_car_0254 0.018066 75.731903 234.947556 956.809692 692.847778
armored_car_0264 0.187651 53.491638 24.785461 649.051208 439.689453
armored_car_0265 0.971062 1.000000 207.025818 122.372826 313.210693
armored_car_0275 0.013305 11.394608 18.294884 118.832489 201.217865
armored_car_0296 0.994761 23.957886 41.547531 542.337463 337.658142
armored_car_0306 0.937764 62.604904 65.151047 485.104126 329.070129
armored_car_0316 0.009515 51.354126 291.075073 971.448242 860.366943
armored_car_0324 0.999909 137.031525 229.776337 507.755890 412.234344
armored_car_0324 0.968771 391.613220 234.890167 645.965759 359.369171
armored_car_0326 0.013731 80.796692 54.124054 670.231812 570.000000
armored_car_0335 0.037411 22.579742 86.173309 562.958984 359.783051
armored_car_0356 0.007607 94.490707 72.957657 426.694397 385.697083
armored_car_0366 0.017533 101.582611 6.048279 357.031982 299.000000
armored_car_0374 0.711045 262.202576 93.625000 1138.317139 798.000000
armored_car_0405 0.007394 27.571793 1.000000 432.819519 358.896271
armored_car_0424 0.999367 213.037659 154.481903 1289.099365 947.173706
armored_car_0436 0.874242 9.530891 190.457611 261.622192 388.000824
armored_car_0436 0.905975 316.214172 197.336182 764.435608 413.097046
armored_car_0454 0.033527 1.000000 22.327530 690.000000 356.000000
armored_car_0455 0.999400 140.677673 180.281036 674.983887 411.053802
armored_car_0495 0.128868 12.979492 127.411346 640.000000 326.056641
armored_car_0496 0.799923 72.791534 166.567490 695.927368 469.722839
armored_car_0534 0.986679 63.183502 89.610580 700.000000 466.000000
armored_car_0535 0.069496 191.007339 188.004181 602.130127 396.520844
armored_car_0576 0.997750 51.998215 47.055054 439.946899 303.729279
armored_car_0594 0.596965 338.458374 177.887817 2735.234375 1996.000000
armored_car_0606 0.997605 116.756348 131.779755 962.161499 652.000000
armored_car_0615 0.999466 15.597260 38.559952 614.307251 421.368408
armored_car_0616 0.104114 445.416595 128.708344 498.927216 169.799744
armored_car_0616 0.854334 329.572021 106.991180 443.883667 197.943176
armored_car_0625 0.033053 455.984436 38.767212 624.046326 185.000000
armored_car_0634 0.011061 1.484375 34.106766 590.000000 423.000000
armored_car_0645 0.601154 51.870911 54.312866 621.876831 413.000000
armored_car_0666 0.007786 35.538849 1.000000 331.174500 276.384460
armored_car_0675 0.526100 30.317047 31.889725 600.000000 402.000000
armored_car_0676 0.009895 432.608917 117.151520 600.000000 390.299164
armored_car_0685 0.054885 1.000000 18.598236 448.495178 339.000000
armored_car_0686 0.006224 18.945869 41.089966 130.576660 232.000031
armored_car_0735 0.012769 44.114990 380.956055 1171.000000 1446.448242
armored_car_0756 0.034624 151.389130 142.690552 513.463989 335.840057
armored_car_0765 0.060201 84.158905 102.182671 420.342712 281.818787
armored_car_0794 0.926129 61.555893 4.885544 514.722473 359.000000
armored_car_0825 0.034672 40.785217 88.688721 489.040710 577.018311
armored_car_0825 0.023795 339.523712 133.970764 497.032745 438.455505
armored_car_0835 0.019112 71.044022 84.356827 283.966858 348.000000
armored_car_0844 0.997784 37.995636 28.288406 621.864380 447.630615
armored_car_0845 0.433083 100.044601 80.263763 570.145264 444.937469
armored_car_0864 0.005168 247.113663 157.078018 611.259399 378.000000
armored_car_0864 0.005486 348.246277 106.834305 457.048096 175.287216
armored_car_0874 0.006404 31.134491 98.993042 614.441284 620.193054
armored_car_0875 0.019419 28.437897 30.756866 711.812622 503.000000
armored_car_0876 0.019769 1.000000 26.051102 433.116577 299.000000
armored_car_0884 0.999819 1.000000 6.337372 498.690735 201.097946
armored_car_0904 0.318589 290.136414 203.229538 500.000000 404.135803
armored_car_0904 0.012105 28.482727 23.995148 452.888428 196.743896
armored_car_0905 0.022703 401.743134 184.030579 627.351318 322.577759
armored_car_0905 0.955294 12.881683 167.280914 381.894928 363.757965
armored_car_0936 0.155230 26.128380 1.000000 273.354034 210.208191
armored_car_0964 0.010317 48.104645 116.057846 600.000000 536.253845
armored_car_0965 0.238825 88.334412 20.421280 634.775024 430.584167
armored_car_0974 0.007737 387.001770 121.481079 530.177002 410.275635
armored_car_0986 0.007740 69.067795 133.492706 464.641357 537.000000
armored_car_1016 0.987398 14.384560 16.388092 225.101318 172.280304
armored_car_1034 0.077049 30.162422 31.870186 233.347137 171.000000
armored_car_1055 0.011711 26.394669 72.665070 293.588989 274.273987
armored_car_1056 0.999464 77.733429 57.208031 371.563995 181.439178
armored_car_1065 0.005540 1.000000 50.627151 285.339722 237.000000
armored_car_1075 0.998550 216.795410 270.313354 2356.106689 2006.223999
armored_car_1086 0.006190 63.347725 74.388641 310.000000 193.975311
armored_car_1095 0.220270 601.830444 409.202698 935.936157 562.249939
armored_car_1104 0.143166 408.539764 241.677414 502.697723 310.356476
armored_car_1106 0.471888 342.600250 220.954742 600.894043 385.752655
armored_car_1106 0.429830 80.021141 203.968063 240.361206 391.867859
armored_car_1106 0.979953 80.046600 13.656471 264.221344 201.370300
armored_car_1106 0.999538 317.790100 30.952179 630.000000 191.518082
armored_car_1114 0.974074 25.390259 48.435150 1243.660889 832.000000
armored_car_1116 0.088557 104.251312 329.565979 631.408325 762.626038
armored_car_1125 0.999720 235.489700 137.372116 475.493713 237.980515
armored_car_1125 0.998870 28.702408 136.923309 277.183594 252.773682
armored_car_1134 0.512683 60.340149 5.278214 628.026855 430.766479
armored_car_1135 0.016655 322.802734 112.690742 640.000000 332.698608
armored_car_1136 0.005094 130.009262 58.628723 294.471375 283.959076
armored_car_1145 0.116903 65.473602 209.455276 395.778900 474.089966
armored_car_1146 0.062530 470.121765 145.980286 511.083069 194.837189
armored_car_1146 0.027863 474.743225 196.557388 587.241272 259.188232
armored_car_1146 0.005975 516.764954 190.086121 574.775696 250.073334
armored_car_1154 0.012317 25.644760 1.000000 380.483948 244.823120
armored_car_1155 0.144753 193.697998 309.964783 480.424561 527.659729
car_a0002 0.006538 25.866486 118.041885 695.349121 340.676575
car_a0192 0.006916 30.924332 58.150345 500.000000 336.981628
car_a0210 0.575372 140.566406 142.727142 376.978149 212.514038
car_a0240 0.006815 85.686684 83.907722 268.780884 223.581482
car_a0252 0.009459 229.799469 92.370819 475.452728 289.147491
car_a0261 0.006866 15.512650 36.219772 494.514282 287.519104
car_a0361 0.422253 282.848389 92.306885 500.000000 184.618713
car_a0410 0.009336 50.066223 162.174973 410.410156 267.692749
car_a0411 0.006314 127.585785 99.344231 473.640839 273.122070
car_a0421 0.020243 95.806274 94.145584 394.701019 294.214539
car_a0460 0.007027 17.616119 38.318863 485.276581 333.000000
car_a1038 0.011696 307.743896 587.683350 2241.593506 1515.278809
car_a1048 0.010094 471.235657 225.251068 1397.560059 859.755737
car_a1067 0.011619 119.599792 558.356812 902.805298 884.095093
car_a1098 0.007540 1.000000 121.886261 1552.645264 937.508667
car_a1147 0.999723 348.252441 309.481628 1354.109375 963.176453
car_a1148 0.015001 215.324127 164.386719 1015.026611 737.520325
car_a1169 0.019108 246.717926 138.420563 764.362549 505.487335
car_a1179 0.005857 1.000000 397.863159 919.822144 1094.388428
car_a1248 0.943337 1135.632690 268.207275 2849.993164 2406.172852
car_a1288 0.011329 475.353699 314.098602 1634.249268 1249.902588
car_a1298 0.005812 421.619934 253.782227 1461.459229 972.547852
car_a1359 0.999791 109.605469 132.667145 1712.958374 1050.045288
car_a1398 0.005380 239.019714 326.272095 1036.704102 595.266663
car_o0000 0.014469 23.949005 21.340134 417.804504 345.496582
car_o0210 0.331236 140.378738 144.669510 358.006836 207.866837
car_o0261 0.026614 10.850433 34.341034 483.500000 292.057129
car_o0329 0.007238 126.672806 155.652924 403.766846 298.714539
car_o0350 0.005204 47.667099 77.416428 431.817383 362.113831
car_o0360 0.005705 7.831879 12.906418 445.093536 217.189651
car_o1016 0.005396 323.752747 307.669708 1214.482422 882.066895
car_o1048 0.009108 316.238678 219.185822 1190.966309 862.318848
car_o1067 0.038053 793.833496 561.180420 1544.882568 881.461426
car_o1078 0.011610 274.698456 267.705597 839.556152 634.209351
car_o1116 0.007702 264.925232 62.990631 1579.149902 941.980957
car_o1147 0.998663 648.963257 308.042999 1449.443237 962.093628
car_o1148 0.005987 90.770813 168.713165 1002.332336 731.581665
car_o1227 0.006402 134.716919 622.711304 1596.125732 1029.618286
car_o1248 0.905543 936.558899 184.833374 2731.070801 2481.732422
car_o1276 0.005366 306.169525 428.510223 1208.700928 883.137207
car_o1288 0.006857 405.388245 324.006866 1476.860840 1233.098389
car_o1298 0.007582 502.628723 233.707520 1514.020752 991.092529
car_o1316 0.007036 483.836060 161.013031 1539.675537 737.793823
car_o1366 0.006445 72.270050 46.304413 773.915039 599.551392
car_o1366 0.005026 1.000000 200.122498 75.071594 320.311340
car_o1386 0.007168 187.020630 305.066620 1369.036011 751.338989
car_o1388 0.007138 382.230957 629.194885 3758.487305 2624.476807
car_o1416 0.010523 511.071442 186.729156 1268.139526 696.233521
off-road_vehicle_a0000 0.999419 136.281830 86.116882 721.041748 524.315308
off-road_vehicle_a0008 0.999813 54.582794 19.077209 574.516968 284.174377
off-road_vehicle_a0009 0.999915 56.869080 111.315063 1208.323486 705.097534
off-road_vehicle_a0010 0.999850 92.619598 54.762451 880.149048 612.003479
off-road_vehicle_a0018 0.999977 1.000000 75.507980 500.000000 373.433716
off-road_vehicle_a0020 0.999946 1.000000 187.973145 600.000000 491.528076
off-road_vehicle_a0028 0.999960 1.000000 104.611343 669.373047 404.817749
off-road_vehicle_a0029 0.999860 102.891342 49.597580 577.697998 383.334656
off-road_vehicle_a0030 0.999847 33.281982 36.874847 489.096252 346.492279
off-road_vehicle_a0038 0.999744 75.618866 54.732109 520.415405 259.968750
off-road_vehicle_a0039 0.999816 63.895905 62.462158 725.147095 401.487946
off-road_vehicle_a0040 0.999960 4.580231 37.631927 450.000000 313.171082
off-road_vehicle_a0049 0.999941 99.442841 53.088867 1116.074341 688.281555
off-road_vehicle_a0050 0.999949 13.111450 27.635498 458.985077 299.425751
off-road_vehicle_a0058 0.999840 95.751251 83.423363 474.999725 316.954315
off-road_vehicle_a0059 0.999193 76.793579 133.174042 367.585480 299.417511
off-road_vehicle_a0060 0.999853 116.426025 67.699341 1304.555908 828.060303
off-road_vehicle_a0068 0.999804 1.000000 100.390823 800.000000 489.179932
off-road_vehicle_a0069 0.999985 1.000000 83.403763 731.956665 439.463928
off-road_vehicle_a0070 0.999968 29.042679 9.279205 409.166199 278.041138
off-road_vehicle_a0078 0.994563 52.451477 44.977295 458.697418 325.881439
off-road_vehicle_a0079 0.999970 27.891724 31.143738 628.405396 374.989624
off-road_vehicle_a0080 0.999939 28.968414 43.503479 602.727539 364.546936
off-road_vehicle_a0088 0.998064 182.704819 87.091110 500.819153 270.966614
off-road_vehicle_a0089 0.999586 36.805115 74.502625 617.620056 387.546478
off-road_vehicle_a0090 0.999629 128.292862 48.796600 548.000000 460.000000
off-road_vehicle_a0098 0.999878 39.117203 38.796730 400.100098 221.271393
off-road_vehicle_a0099 0.999316 18.962921 62.885162 863.420410 596.719849
off-road_vehicle_a0108 0.999556 55.130188 65.033562 393.656433 269.990051
off-road_vehicle_a0109 0.999982 1.000000 144.214966 608.000000 445.410950
off-road_vehicle_a0110 0.999921 27.310730 43.226990 601.286621 304.553436
off-road_vehicle_a0118 0.999875 1.000000 40.975433 423.176270 274.339264
off-road_vehicle_a0119 0.032157 21.990829 10.880753 413.662109 269.053040
off-road_vehicle_a0128 0.999976 69.499908 40.856445 454.908417 257.004517
off-road_vehicle_a0129 0.999978 2.044495 77.511215 620.000000 465.000000
off-road_vehicle_a0130 0.999779 9.058105 38.869125 499.000000 330.830139
off-road_vehicle_a0139 0.999927 41.890442 29.206970 606.580688 356.855042
off-road_vehicle_a0139 0.006306 1.000000 26.701378 234.595764 272.523865
off-road_vehicle_a0140 0.998171 127.121262 110.558113 550.521118 302.803864
off-road_vehicle_a0148 0.999531 90.367981 111.287331 520.202087 346.667938
off-road_vehicle_a0149 0.999902 1.305573 39.433853 570.000000 362.433899
off-road_vehicle_a0150 0.999961 94.555511 109.839233 820.386719 593.623962
off-road_vehicle_a0159 0.999914 105.087112 21.500488 521.281860 374.809143
off-road_vehicle_a0160 0.999996 125.710403 123.043060 474.927002 283.637299
off-road_vehicle_a0168 0.999942 1.000000 190.186218 795.307129 901.548157
off-road_vehicle_a0169 0.978262 34.523834 26.670731 568.324341 424.784729
off-road_vehicle_a0170 0.999041 61.441345 282.903015 701.106262 552.214294
off-road_vehicle_a0178 0.999281 140.534180 85.690628 716.577148 524.543213
off-road_vehicle_a0179 0.999959 18.750183 59.970306 570.502808 377.822968
off-road_vehicle_a0180 0.999972 1.000000 54.019653 742.696533 578.144348
off-road_vehicle_a0188 0.999902 23.676743 96.065292 510.365845 377.585205
off-road_vehicle_a0189 0.999435 134.890442 60.911087 477.789124 426.041260
off-road_vehicle_a0190 0.999894 147.928528 81.492264 645.215576 403.089355
off-road_vehicle_a0198 0.999870 21.745407 83.146378 479.818726 430.151367
off-road_vehicle_a0199 0.991105 249.249420 183.965820 774.452759 495.844238
off-road_vehicle_a0200 0.999980 120.921768 71.992653 307.520447 251.797699
off-road_vehicle_a0200 0.999886 229.348297 14.811813 640.000000 303.231018
off-road_vehicle_a0200 0.999755 6.649597 85.387070 169.743317 237.781296
off-road_vehicle_a0208 0.999944 40.393555 64.457146 470.439667 319.122101
off-road_vehicle_a0209 0.999706 22.416107 66.153351 579.342896 392.186462
off-road_vehicle_a0210 0.999978 73.351746 185.442871 1158.056885 823.421143
off-road_vehicle_a0218 0.999962 1.000000 65.603958 500.000000 339.698547
off-road_vehicle_a0219 0.987448 17.926590 6.928665 447.824707 267.441345
off-road_vehicle_a0220 0.999963 30.389389 59.238220 498.533386 335.149078
off-road_vehicle_a0228 0.999600 1.000000 108.753510 628.687012 437.000000
off-road_vehicle_a0229 0.999713 178.235321 113.371666 367.987579 194.340668
off-road_vehicle_a0230 0.999961 27.807175 44.249146 439.256348 284.473816
off-road_vehicle_a0238 0.999967 26.684570 45.107422 452.769775 303.875702
off-road_vehicle_a0239 0.999946 13.223389 50.103088 646.316528 509.519348
off-road_vehicle_a0240 0.999578 1.000000 72.164169 471.537598 379.435242
off-road_vehicle_a0240 0.997622 226.867477 70.618134 733.440308 461.000000
off-road_vehicle_a0248 0.999825 8.387085 36.661377 531.437622 342.670746
off-road_vehicle_a0250 0.999972 1.000000 59.180824 470.000000 313.866333
off-road_vehicle_a0258 0.999850 1.000000 67.443100 636.742188 431.267944
off-road_vehicle_a0259 0.999943 26.055084 26.030350 588.552612 401.676270
off-road_vehicle_a0268 0.999806 17.878403 29.100220 388.294373 283.654510
off-road_vehicle_a0269 0.999924 45.680466 47.654221 470.983032 319.595337
off-road_vehicle_a0270 0.999977 38.752197 14.506027 508.787048 402.724792
off-road_vehicle_a0279 0.999643 44.998840 71.390442 458.879364 313.755402
off-road_vehicle_a0280 0.999871 96.496155 80.770294 490.336182 319.229675
off-road_vehicle_a0288 0.999958 48.768982 28.732407 592.380310 347.533997
off-road_vehicle_a0289 0.999868 24.069122 13.424911 541.578125 299.592346
off-road_vehicle_a0290 0.999969 123.733307 26.395386 434.851776 162.242920
off-road_vehicle_a0298 0.999764 1.000000 57.237869 450.000000 307.657593
off-road_vehicle_a0299 0.999872 9.498032 44.952179 471.473450 301.070099
off-road_vehicle_a0300 0.999959 1.000000 102.954544 653.075378 458.460205
off-road_vehicle_a0308 0.999742 19.210464 35.976120 272.943726 269.318970
off-road_vehicle_a0309 0.999752 1.000000 62.554382 563.689880 392.948273
off-road_vehicle_a0310 0.998879 44.262589 62.929825 363.664185 277.278870
off-road_vehicle_a0318 0.999961 2.245789 41.164757 439.201782 270.236359
off-road_vehicle_a0318 0.998519 206.753189 43.675545 437.061829 170.981018
off-road_vehicle_a0319 0.999973 8.465515 10.696655 765.895264 441.217834
off-road_vehicle_a0320 0.999777 186.381561 147.211243 1086.454468 824.648926
off-road_vehicle_a0328 0.999793 98.665863 66.560455 559.921387 409.108551
off-road_vehicle_a0329 0.999790 76.705231 65.594818 844.811646 598.025024
off-road_vehicle_a0330 0.999874 28.610260 61.802795 588.012695 363.069824
off-road_vehicle_a0338 0.999670 57.645203 177.577057 473.119934 351.716217
off-road_vehicle_a0339 0.998868 1.093185 64.262817 452.544922 356.689301
off-road_vehicle_a0340 0.999777 97.785706 12.877792 578.585632 289.943115
off-road_vehicle_a0340 0.999741 1.000000 1.000000 304.199005 185.080627
off-road_vehicle_a0348 0.999496 355.695435 9.231873 550.000000 198.878555
off-road_vehicle_a0348 0.999387 11.040146 28.494843 467.536255 350.716888
off-road_vehicle_a0349 0.999938 12.448227 54.104675 483.302551 309.775665
off-road_vehicle_a0350 0.999877 15.009064 62.617760 465.937714 277.260620
off-road_vehicle_a0358 0.045342 1.000000 102.783737 55.265221 159.479538
off-road_vehicle_a0358 0.999905 77.912430 82.662361 436.432983 289.477173
off-road_vehicle_a0358 0.998841 29.047615 93.169975 127.492531 187.188354
off-road_vehicle_a0359 0.999968 23.940506 20.897888 421.787720 336.566711
off-road_vehicle_a0360 0.999416 60.707336 79.407700 573.222717 393.564392
off-road_vehicle_a0368 0.999686 6.379791 86.707123 551.197510 351.662994
off-road_vehicle_a0369 0.999876 32.761871 65.184921 473.880829 334.000977
off-road_vehicle_a0370 0.999830 30.832596 31.494411 225.232681 137.222427
off-road_vehicle_a0379 0.999948 3.329880 32.093384 298.000000 189.523636
off-road_vehicle_a0380 0.999905 25.435364 8.909821 475.211884 338.947327
off-road_vehicle_a0388 0.998465 131.834564 69.881409 1140.316284 673.862671
off-road_vehicle_a0389 0.999795 185.886368 42.956894 413.458618 223.363388
off-road_vehicle_a0390 0.416392 103.591690 54.388062 608.705811 406.299408
off-road_vehicle_a0398 0.999621 6.804352 20.143707 532.938721 385.639221
off-road_vehicle_a0400 0.748013 74.457687 34.397308 486.962708 336.331421
off-road_vehicle_a0408 0.999971 26.398560 37.885864 625.781128 441.312927
off-road_vehicle_a0409 0.999328 79.975937 91.327705 463.670410 331.877655
off-road_vehicle_a0410 0.999818 8.140289 10.045364 622.300415 335.158325
off-road_vehicle_a0418 0.978396 7.890678 216.689301 111.816017 283.926117
off-road_vehicle_a0419 0.999648 3.305359 99.673462 397.710480 352.175354
off-road_vehicle_a0420 0.999827 27.191681 47.879395 665.214722 454.230164
off-road_vehicle_a0428 0.999757 52.571960 330.344940 771.250854 989.976196
off-road_vehicle_a0429 0.010503 553.157471 8.418182 716.401001 264.645081
off-road_vehicle_a0429 0.005288 1.000000 20.307732 226.174072 250.041748
off-road_vehicle_a0430 0.011536 188.002747 15.672104 329.517944 254.669601
off-road_vehicle_a0430 0.016220 500.125977 83.768112 600.000000 174.238571
off-road_vehicle_a0430 0.008839 16.498009 6.101242 201.104218 282.823486
off-road_vehicle_a0439 0.999674 5.992828 84.979309 602.321289 379.348633
off-road_vehicle_a0440 0.999940 72.315735 48.649689 915.168091 705.600952
off-road_vehicle_a0448 0.999962 9.973816 82.359962 356.383118 251.292450
off-road_vehicle_a0449 0.999933 1.559967 6.043015 557.000000 282.000000
off-road_vehicle_a0450 0.999862 39.273376 35.641495 546.438721 398.000000
off-road_vehicle_a0458 0.999860 20.665375 27.146378 440.717865 295.018005
off-road_vehicle_a0459 0.999948 3.329880 32.093384 298.000000 189.523636
off-road_vehicle_a0460 0.999480 38.115738 70.557266 434.002441 312.048096
off-road_vehicle_a0469 0.999711 50.618477 206.117844 277.362946 306.987640
off-road_vehicle_a0469 0.056659 277.366150 184.390396 485.999512 306.990143
off-road_vehicle_a0470 0.997555 41.584091 103.890259 414.674194 304.072540
off-road_vehicle_a0478 0.999029 125.857056 45.424011 441.192017 295.320587
off-road_vehicle_a0479 0.999852 75.452301 303.114624 500.483185 585.967957
off-road_vehicle_a0480 0.999750 27.518188 68.595688 605.557861 466.869324
off-road_vehicle_a0488 0.999883 120.739212 24.995468 537.802795 386.589905
off-road_vehicle_a0489 0.999848 21.133087 64.575745 589.782104 402.460388
off-road_vehicle_a0490 0.999711 52.784668 36.475449 476.566528 330.457031
off-road_vehicle_a0498 0.999429 33.626328 50.105141 422.025330 279.745575
off-road_vehicle_a0499 0.999316 30.748367 37.512291 246.750931 145.441010
off-road_vehicle_a0500 0.999918 1.000000 41.676727 312.000000 209.000000
off-road_vehicle_a0508 0.999934 1.000000 55.098221 585.591919 403.646729
off-road_vehicle_a0509 0.999768 46.836090 42.513367 552.688477 333.962219
off-road_vehicle_a0510 0.994688 16.139977 12.574432 261.101135 173.862823
off-road_vehicle_a0518 0.998632 12.741638 72.782974 452.429596 330.761597
off-road_vehicle_a0520 0.999871 26.065567 23.886108 385.382263 327.762115
off-road_vehicle_a0528 0.998776 32.773163 142.154907 442.597595 341.574738
off-road_vehicle_a0528 0.996321 425.526337 193.347137 600.000000 298.783508
off-road_vehicle_a0529 0.999964 121.570038 1.000000 750.000000 420.436279
off-road_vehicle_a0530 0.998562 51.603836 163.042221 273.437622 275.195953
off-road_vehicle_a0539 0.999556 13.782562 57.816483 566.225342 361.000000
off-road_vehicle_a0540 0.999935 66.555878 53.732178 534.963257 322.710327
off-road_vehicle_a0548 0.999867 21.742157 241.499329 982.621094 927.325500
off-road_vehicle_a0549 0.999854 1.163025 100.294586 1265.574951 994.584717
off-road_vehicle_a0550 0.999533 2.253662 64.440704 723.474060 607.591187
off-road_vehicle_a0558 0.999942 4.740303 17.837494 239.234406 234.362534
off-road_vehicle_a0559 0.999361 1.000000 13.904297 410.811279 289.932373
off-road_vehicle_a0560 0.999827 234.174042 172.345764 1024.000000 609.682434
off-road_vehicle_a0568 0.999883 32.293671 34.622940 337.121857 214.615967
off-road_vehicle_a0569 0.996237 52.086151 152.159546 397.826599 355.358368
off-road_vehicle_a0570 0.999880 22.779236 9.155411 240.000000 159.785492
off-road_vehicle_a0578 0.999976 9.956909 80.014084 640.000000 464.908752
off-road_vehicle_a0579 0.999570 27.614693 5.484261 268.053619 167.256866
off-road_vehicle_a0580 0.999362 1.000000 84.387848 649.705322 450.483917
off-road_vehicle_a0580 0.005895 19.206711 516.608276 332.645264 703.298950
off-road_vehicle_o0002 0.999875 18.332153 56.301971 513.551331 292.835144
off-road_vehicle_o0003 0.998644 33.817200 111.635651 468.000427 319.026947
off-road_vehicle_o0004 0.999935 1.000000 162.612244 3159.005859 2135.993164
off-road_vehicle_o0012 0.999955 24.614304 14.326981 424.335449 326.318848
off-road_vehicle_o0013 0.999870 17.589920 17.328079 397.130371 320.723877
off-road_vehicle_o0014 0.999958 5.253510 1.357681 613.067261 455.050110
off-road_vehicle_o0022 0.999780 51.866409 35.734406 471.494263 286.590851
off-road_vehicle_o0023 0.999540 83.368698 98.548210 449.208496 266.317657
off-road_vehicle_o0024 0.999794 64.209808 232.746506 859.333374 674.457581
off-road_vehicle_o0032 0.999930 12.297150 34.982254 448.183044 277.212158
off-road_vehicle_o0033 0.999771 96.023224 155.709686 730.713135 458.682953
off-road_vehicle_o0034 0.006254 184.454865 266.913635 661.202637 470.327942
off-road_vehicle_o0043 0.999952 84.253761 74.495384 214.002136 239.830658
off-road_vehicle_o0043 0.999622 160.791809 56.673492 500.000000 329.038666
off-road_vehicle_o0043 0.998681 3.006462 96.819901 131.168671 207.836472
off-road_vehicle_o0044 0.007512 50.133392 61.718117 420.038208 317.117157
off-road_vehicle_o0052 0.999972 219.863525 119.632561 402.657532 236.356567
off-road_vehicle_o0052 0.999555 17.130157 108.298279 241.522583 260.661163
off-road_vehicle_o0052 0.998466 336.568848 137.219986 467.539551 208.615189
off-road_vehicle_o0052 0.925138 409.210358 137.193802 595.211548 197.729843
off-road_vehicle_o0054 0.999958 67.958618 105.039856 565.011108 415.416687
off-road_vehicle_o0062 0.999253 1.000000 132.673065 784.475830 460.058502
off-road_vehicle_o0063 0.999954 19.513428 17.872314 511.574219 397.949158
off-road_vehicle_o0064 0.999170 32.560577 41.619598 593.978516 440.504944
off-road_vehicle_o0072 0.999277 106.026489 51.849174 374.054901 242.613373
off-road_vehicle_o0073 0.999766 12.959167 26.964523 280.026978 224.190445
off-road_vehicle_o0074 0.123094 127.368057 60.919266 541.695251 382.220947
off-road_vehicle_o0082 0.999958 21.733276 28.460297 592.263367 308.947357
off-road_vehicle_o0083 0.999968 21.145294 3.795242 754.692139 419.669617
off-road_vehicle_o0084 0.999968 18.721344 59.824081 638.301514 409.172180
off-road_vehicle_o0092 0.999903 1.000000 71.542953 568.030579 373.065613
off-road_vehicle_o0093 0.999948 2.740723 8.461029 582.432129 346.631439
off-road_vehicle_o0094 0.999848 5.711182 23.744278 560.000000 362.342957
off-road_vehicle_o0102 0.999928 105.459503 53.248825 597.877930 417.675598
off-road_vehicle_o0103 0.999905 1.000000 71.002380 568.639526 373.978638
off-road_vehicle_o0104 0.999499 149.738281 161.192596 429.363342 321.790802
off-road_vehicle_o0112 0.999800 87.491211 95.926010 672.825073 514.804260
off-road_vehicle_o0113 0.999873 70.127899 1.723846 889.134033 668.572388
off-road_vehicle_o0114 0.999876 55.892502 102.826691 468.374146 363.235107
off-road_vehicle_o0122 0.999964 50.669037 15.539352 614.393677 432.662598
off-road_vehicle_o0123 0.999988 329.890930 174.831131 519.716431 373.151001
off-road_vehicle_o0123 0.999827 464.172150 202.165863 636.004272 352.548065
off-road_vehicle_o0123 0.999773 34.594467 130.839539 378.413879 435.988647
off-road_vehicle_o0124 0.999950 1.000000 35.292480 1173.849121 697.700378
off-road_vehicle_o0132 0.999803 21.455505 132.986679 571.427612 352.628662
off-road_vehicle_o0133 0.999223 154.231888 55.924576 504.296265 280.149597
off-road_vehicle_o0133 0.998776 76.687195 80.198410 211.742950 185.312912
off-road_vehicle_o0133 0.975582 20.579758 71.161369 120.024185 157.002991
off-road_vehicle_o0142 0.999496 58.788651 276.706482 522.100281 458.399292
off-road_vehicle_o0143 0.999973 1.000000 11.557404 587.429321 405.534912
off-road_vehicle_o0144 0.999631 61.821045 112.319595 593.209961 376.387451
off-road_vehicle_o0152 0.999918 45.005737 67.666473 521.971558 336.360626
off-road_vehicle_o0153 0.999954 13.602203 70.216599 726.455566 483.854004
off-road_vehicle_o0154 0.999861 45.410492 121.730927 611.306396 421.963287
off-road_vehicle_o0162 0.999966 52.811249 105.254494 546.509277 297.996521
off-road_vehicle_o0163 0.999007 38.204163 26.061493 651.569702 397.172028
off-road_vehicle_o0164 0.999731 1.000000 68.644180 640.000000 428.201965
off-road_vehicle_o0172 0.007106 53.591858 53.173889 455.719757 360.000000
off-road_vehicle_o0173 0.018256 21.033112 1.000000 584.759521 363.000000
off-road_vehicle_o0174 0.999928 107.263046 130.592926 480.836121 287.921631
off-road_vehicle_o0183 0.999919 99.592346 92.240128 505.084167 411.811707
off-road_vehicle_o0183 0.999624 401.598389 157.044601 590.000000 347.092102
off-road_vehicle_o0184 0.999869 7.054276 42.922638 480.000000 306.000000
off-road_vehicle_o0192 0.999875 1.000000 53.189476 440.918335 277.055237
off-road_vehicle_o0193 0.995864 151.434372 163.213715 547.925537 275.667145
off-road_vehicle_o0194 0.999991 26.593002 11.464966 375.598999 305.204315
off-road_vehicle_o0202 0.369407 36.300430 32.309921 477.574829 434.409668
off-road_vehicle_o0203 0.999689 18.028992 87.587372 771.249817 470.042572
off-road_vehicle_o0204 0.996682 97.097610 99.086014 580.005981 384.829102
off-road_vehicle_o0212 0.999871 3.792358 69.282135 490.000000 275.293427
off-road_vehicle_o0213 0.999931 21.177856 126.356003 678.056274 551.106079
off-road_vehicle_o0214 0.999969 10.075653 63.026443 481.984131 274.229980
off-road_vehicle_o0222 0.998003 139.744125 36.095940 422.222046 250.556274
off-road_vehicle_o0223 0.999308 74.920212 112.538750 389.197815 286.822205
off-road_vehicle_o0224 0.235997 40.760635 30.626205 471.719543 437.271973
off-road_vehicle_o0232 0.999882 1.000000 43.641930 600.000000 297.983643
off-road_vehicle_o0233 0.999923 84.528961 109.746948 411.408569 245.274323
off-road_vehicle_o0234 0.999945 13.362549 89.085999 800.000000 534.064331
off-road_vehicle_o0242 0.998881 18.460846 151.879150 336.351166 352.172791
off-road_vehicle_o0243 0.999971 22.384796 191.784180 792.715942 622.955017
off-road_vehicle_o0244 0.999884 64.383194 43.955521 525.973572 392.530823
off-road_vehicle_o0252 0.999985 46.260895 31.306168 445.758575 351.892639
off-road_vehicle_o0253 0.999921 24.834381 41.327347 564.790161 360.805908
off-road_vehicle_o0254 0.999948 1.000000 121.314911 231.890549 272.534241
off-road_vehicle_o0262 0.999849 1.000000 1.000000 494.138000 297.578674
off-road_vehicle_o0263 0.999891 117.344315 234.248566 314.409180 340.851166
off-road_vehicle_o0263 0.999418 292.470032 186.466949 602.406616 347.345123
off-road_vehicle_o0263 0.997645 22.397980 243.827957 151.786285 342.501862
off-road_vehicle_o0264 0.999266 116.341278 99.494461 613.890625 369.477112
off-road_vehicle_o0272 0.999866 181.190094 106.235443 948.901611 639.181763
off-road_vehicle_o0273 0.999919 27.676910 8.810684 419.967957 247.000000
off-road_vehicle_o0274 0.999838 1.000000 45.680557 602.000000 398.298462
off-road_vehicle_o0282 0.999714 53.463333 67.384521 514.376465 340.056854
off-road_vehicle_o0283 0.999431 20.761368 1.000000 441.118530 292.466370
off-road_vehicle_o0292 0.999902 37.835785 6.163559 552.463135 386.784302
off-road_vehicle_o0293 0.999907 38.938950 65.195961 459.109375 280.460358
off-road_vehicle_o0294 0.999859 64.033478 15.827988 677.837891 398.100525
off-road_vehicle_o0302 0.998792 84.874115 9.369446 874.369629 720.000000
off-road_vehicle_o0303 0.998680 216.112701 114.467834 1200.000000 812.190552
off-road_vehicle_o0304 0.999902 83.669922 88.440521 856.598633 626.811646
off-road_vehicle_o0304 0.998037 10.908401 105.525009 320.308716 434.067017
off-road_vehicle_o0312 0.999765 9.278954 86.091049 192.075287 292.396973
off-road_vehicle_o0312 0.999645 90.788940 48.747040 671.444397 420.263306
off-road_vehicle_o0313 0.999452 35.471725 114.046196 449.498108 308.020721
off-road_vehicle_o0314 0.999931 17.623672 29.606842 496.125427 320.251526
off-road_vehicle_o0322 0.999910 25.482559 87.635712 489.161377 262.325409
off-road_vehicle_o0323 0.999962 303.716675 365.960571 2357.335938 1625.728149
off-road_vehicle_o0324 0.999968 83.872360 96.194565 431.065674 286.206787
off-road_vehicle_o0332 0.999819 199.111359 51.507935 416.491241 190.899887
off-road_vehicle_o0332 0.999587 9.242706 23.483292 295.129303 220.945404
off-road_vehicle_o0333 0.999846 102.114517 56.896606 548.796265 375.900208
off-road_vehicle_o0333 0.999774 33.604179 80.055069 266.801483 262.649414
off-road_vehicle_o0334 0.999883 26.646637 105.577934 562.695312 325.935760
off-road_vehicle_o0342 0.999759 47.604706 47.792404 583.371582 392.827393
off-road_vehicle_o0343 0.999553 97.756973 31.777466 393.426025 317.864227
off-road_vehicle_o0344 0.999907 12.559326 202.008636 550.000000 423.149994
off-road_vehicle_o0354 0.999940 37.016678 12.505676 410.122559 296.848114
off-road_vehicle_o0362 0.999979 13.980530 7.449524 611.199768 418.206696
off-road_vehicle_o0363 0.995489 97.162933 70.678940 379.873322 291.596497
off-road_vehicle_o0372 0.999824 28.033081 46.105385 403.542023 235.769165
off-road_vehicle_o0373 0.999870 102.912048 187.285477 713.662415 633.459412
off-road_vehicle_o0374 0.999899 38.813934 49.510223 430.243774 283.679962
off-road_vehicle_o0382 0.999955 42.536377 101.990540 640.000000 364.153442
off-road_vehicle_o0383 0.999984 53.265129 127.316612 232.873505 295.615662
off-road_vehicle_o0383 0.999737 235.242172 115.700638 454.619873 308.467773
off-road_vehicle_o0384 0.999965 46.943100 179.894058 474.173767 451.000000
off-road_vehicle_o0392 0.999850 37.574463 166.414230 950.000000 517.949951
off-road_vehicle_o0393 0.999942 1.000000 15.300087 316.177429 224.000000
off-road_vehicle_o0394 0.999983 18.438934 27.436447 378.951294 329.956299
off-road_vehicle_o0402 0.999904 50.244980 49.099716 460.188782 315.438599
off-road_vehicle_o0403 0.999879 40.739029 62.520004 454.052856 345.612061
off-road_vehicle_o0404 0.999784 16.358734 18.521423 614.959717 390.825043
off-road_vehicle_o0412 0.999606 2.142670 46.204498 631.018188 383.248566
off-road_vehicle_o0413 0.999915 1.000000 69.645493 600.000000 368.499084
off-road_vehicle_o0414 0.999828 20.853424 222.796005 700.000000 732.330322
off-road_vehicle_o0422 0.999664 35.692719 78.978775 236.236786 201.881088
off-road_vehicle_o0423 0.999928 7.366272 21.137123 400.000000 240.611847
off-road_vehicle_o0442 0.999665 53.379059 11.785980 515.549561 345.296967
off-road_vehicle_o0443 0.999856 1.000000 26.263000 481.317322 331.684845
off-road_vehicle_o0444 0.999985 18.859894 25.695663 608.450317 535.420044
off-road_vehicle_o0452 0.999940 5.728912 50.514664 471.175446 314.095215
off-road_vehicle_o0453 0.999881 1.000000 36.656631 500.000000 248.579910
off-road_vehicle_o0454 0.999696 64.656082 121.839394 446.642151 347.128601
off-road_vehicle_o0462 0.999668 32.428665 14.534241 535.007080 372.426880
off-road_vehicle_o0463 0.999907 19.944321 28.240295 409.989868 252.364136
off-road_vehicle_o0463 0.999872 393.204193 118.876541 490.000000 216.153030
off-road_vehicle_o0464 0.999893 39.171478 7.474060 618.916138 382.275696
off-road_vehicle_o0464 0.998765 1.000000 16.875946 285.647400 266.988037
off-road_vehicle_o0482 0.999994 40.604156 25.218292 596.948730 453.000000
off-road_vehicle_o0483 0.999922 215.031525 56.562660 451.000000 231.555115
off-road_vehicle_o0483 0.999886 5.267258 74.814728 200.156982 222.564819
off-road_vehicle_o0484 0.999089 99.952621 87.155235 451.536560 300.241394
off-road_vehicle_o0484 0.918437 350.443695 1.661682 488.946991 98.405746
off-road_vehicle_o0492 0.998861 28.207458 33.325577 579.934448 395.493164
off-road_vehicle_o0494 0.999867 23.557083 35.176208 418.508484 278.410156
off-road_vehicle_o0503 0.999997 25.199799 9.533371 546.618652 418.777710
off-road_vehicle_o0504 0.999821 101.761139 143.610138 415.776398 351.325989
off-road_vehicle_o0512 0.999925 7.805237 114.589241 434.900726 285.651489
off-road_vehicle_o0513 0.999904 34.845490 33.997803 445.903046 373.623535
off-road_vehicle_o0513 0.997471 284.860657 41.045181 478.504150 297.231140
off-road_vehicle_o0514 0.999813 1.000000 8.309891 389.139404 225.000000
off-road_vehicle_o0522 0.999980 1.000000 41.674408 440.191010 308.206024
off-road_vehicle_o0523 0.999932 167.122437 19.835754 1278.632690 1050.272461
off-road_vehicle_o0524 0.999931 14.791946 100.799438 236.780304 274.644958
off-road_vehicle_o0524 0.999612 257.521057 75.807007 542.710693 275.357391
off-road_vehicle_o0532 0.999737 1.000000 59.875183 696.023682 386.952087
off-road_vehicle_o0533 0.998961 48.712021 94.243904 490.979187 257.309814
off-road_vehicle_o0534 0.999900 1.000000 93.735771 510.126526 343.844177
off-road_vehicle_o0543 0.999855 54.824287 42.314781 297.808075 212.840759
off-road_vehicle_o0543 0.006871 158.109512 38.798492 275.027771 103.390701
off-road_vehicle_o0544 0.999743 37.996979 131.426086 571.466064 400.988037
off-road_vehicle_o0552 0.999951 31.324310 14.147247 514.269897 324.000000
off-road_vehicle_o0553 0.999983 133.352615 42.551620 629.331787 397.918030
off-road_vehicle_o0554 0.998836 194.059265 113.266792 637.193726 363.613495
off-road_vehicle_o0562 0.999877 1.000000 18.824799 213.860519 169.288208
off-road_vehicle_o0563 0.999976 17.047119 19.284378 593.807007 371.161194
off-road_vehicle_o0572 0.999967 1.000000 22.863632 286.000000 270.731506
off-road_vehicle_o0573 0.999964 373.251282 162.737701 592.894897 325.951813
off-road_vehicle_o0573 0.999826 100.772125 161.061874 424.886139 344.187561
off-road_vehicle_o0573 0.005777 74.447647 98.035370 556.263794 378.760742
off-road_vehicle_o0574 0.999744 77.979446 65.429321 396.792175 250.467712
off-road_vehicle_o0582 0.999708 37.973877 1.030151 531.786743 398.676300
off-road_vehicle_o0584 0.996834 20.883499 318.726959 366.249268 557.732910
street_a0067 0.007091 392.677582 45.499161 645.543884 114.689011
street_a0158 0.006127 409.088684 43.388844 637.319397 110.839249
street_o0124 0.006700 19.866135 644.263611 319.461121 717.112854
tank_a0233 0.998831 43.857010 24.733025 368.729858 245.478607
tank_a0374 0.222181 341.752869 235.213074 610.544922 369.149963
tank_a0374 0.008017 6.752380 289.807251 363.832520 406.667175
tank_a0513 0.105726 136.688538 597.682007 1342.042480 931.737793
tank_a0572 0.584920 33.030731 12.065750 900.000000 386.895264
truck_0052 0.025506 40.270172 118.677925 376.671387 258.691803
truck_0054 0.331511 16.234070 26.788513 149.184341 166.215942
truck_0063 0.936092 11.856491 12.252541 156.347015 143.384338
truck_0086 0.005215 62.519333 13.057037 428.285706 333.635498
truck_0159 0.014101 38.051300 157.290649 474.584564 247.935394
truck_0180 0.008335 37.082771 73.880142 176.911072 262.515137
truck_0201 0.100514 19.960098 5.133621 278.989014 288.252258
truck_0231 0.012836 26.364212 96.967194 453.309082 289.854462
truck_0232 0.005679 129.830444 56.941864 284.592102 166.826050
truck_0337 0.967337 256.723694 53.648285 500.000000 190.119583
truck_0415 0.093448 107.117996 107.010132 405.549438 398.000000
truck_0456 0.058904 42.829834 10.507950 500.000000 375.000000
truck_0488 0.050566 52.751190 57.075974 713.956299 533.000000
truck_0511 0.018370 16.900475 68.825348 207.263489 334.330231
truck_0532 0.597641 9.212357 65.620560 333.844727 171.601395
truck_0580 0.138157 52.147278 16.700729 239.529083 167.000000
truck_0582 0.007983 9.291695 16.862640 162.161774 142.000000
truck_0593 0.007941 36.381836 17.316376 204.573471 157.000000
truck_0707 0.007135 5.673920 19.959976 366.859955 493.950562
truck_0716 0.005980 53.689987 14.375854 447.038818 322.044189
truck_0746 0.065871 83.616699 95.731140 374.848206 366.892853
truck_0840 0.180293 98.852173 18.211868 463.633545 334.000000
truck_0849 0.047750 49.184280 29.813828 443.762390 375.000000
truck_0889 0.101386 8.737793 125.954514 333.000000 466.749084
truck_0908 0.107116 63.024788 91.176315 304.873138 437.928711
truck_0919 0.005717 1.000000 91.869156 742.098450 451.469666
truck_0950 0.005182 97.914978 58.042801 140.146301 91.299271
truck_0950 0.016107 173.690186 70.703026 263.347260 160.059052
truck_0950 0.008557 138.162445 35.727650 471.387054 152.463425
