2008_000203 0.219818 63.858627 91.051201 244.442520 259.689362
2008_001806 0.005379 94.968231 38.802841 485.468597 333.000000
2008_003136 0.016100 93.533401 41.935547 400.000000 435.724915
2008_006064 0.005700 152.133698 256.357971 333.579254 357.780334
2009_001320 0.044052 39.385406 1.000000 467.672119 342.263947
2009_002443 0.012467 23.582016 25.924530 465.713440 309.166107
2009_004671 0.788371 1.000000 34.816559 479.239441 309.644806
2010_005252 0.105577 20.653961 161.855606 267.821381 270.229736
2011_001193 0.335397 36.840088 121.135071 222.453400 238.343658
2011_005613 0.028986 1.000000 395.438416 291.363281 448.995544
2012_003627 0.089961 1.000000 101.422890 417.240295 261.766479
airplane_a0014 0.054821 183.350464 181.286133 893.116821 489.919983
airplane_a0085 0.141468 13.675293 29.515259 507.179382 334.308136
airplane_a0154 0.010375 58.306641 134.464844 1920.000000 762.003052
airplane_a0225 0.028651 29.459061 15.623947 413.770813 375.000000
airplane_a0234 0.005731 539.378418 373.248230 722.132812 479.119019
airplane_a0246 0.005067 191.174088 19.620331 643.941895 579.065552
airplane_a0254 0.006535 165.182739 251.968765 844.997681 551.857910
airplane_a0294 0.053293 1.000000 1.000000 984.406311 591.292969
airplane_a0306 0.488869 1.000000 159.285461 496.398621 248.265289
airplane_a0337 0.006121 102.760338 48.368828 333.879333 236.730530
airplane_a0395 0.049020 29.331879 147.022507 900.000000 452.447144
airplane_a0436 0.005695 28.083374 1.000000 983.671753 704.393066
airplane_a0445 0.009460 650.025574 51.370770 767.678528 165.062073
airplane_a0447 0.035537 432.966461 1.000000 1178.447388 959.445435
airplane_o0014 0.006783 167.068909 242.347992 802.378357 508.789642
airplane_o0015 0.013006 57.194977 123.305939 993.611938 472.605988
airplane_o0085 0.638474 60.294571 51.665955 501.524414 313.956512
airplane_o0216 0.009237 168.939209 52.827576 713.880371 460.706909
airplane_o0225 0.010607 38.510437 51.951004 500.000000 360.477966
airplane_o0234 0.007590 558.757446 371.033875 773.344971 484.557678
airplane_o0246 0.014658 390.733704 1.000000 859.741638 603.682007
airplane_o0254 0.042409 182.636749 258.004761 816.850952 557.864014
airplane_o0275 0.005646 1.000000 93.849091 800.000000 469.192291
airplane_o0294 0.007668 67.692657 1.000000 950.689453 627.644531
airplane_o0306 0.190899 34.304993 153.295349 474.823730 236.351074
airplane_o0377 0.021551 155.234863 1.000000 952.878540 677.279175
airplane_o0395 0.721526 3.345947 192.971222 785.819580 466.517792
armored_car_0015 0.012965 147.534042 78.689117 655.753418 392.851562
armored_car_0025 0.005152 248.894775 317.876953 1709.075562 1455.117188
armored_car_0045 0.030225 58.575592 122.405487 497.832794 783.100952
armored_car_0076 0.997161 233.737610 120.058472 1308.949463 1295.067993
armored_car_0095 0.005177 205.895325 35.369446 952.263855 674.000000
armored_car_0096 0.080914 352.769165 179.619995 450.000000 271.914795
armored_car_0096 0.926759 288.264893 198.724091 362.967407 281.882202
armored_car_0096 0.385327 113.873482 180.729065 304.957092 287.034180
armored_car_0096 0.979830 5.478783 160.653229 111.851097 283.268524
armored_car_0096 0.030414 299.402130 182.797180 338.312592 237.847717
armored_car_0106 0.009349 95.932159 78.306328 416.624847 280.132263
armored_car_0114 0.009746 131.626221 121.704346 428.932190 340.680817
armored_car_0124 0.019259 537.572815 1.905540 623.928772 137.764008
armored_car_0134 0.007865 985.059021 808.985474 1143.614624 929.978882
armored_car_0136 0.999458 493.172516 104.699867 773.111694 212.474854
armored_car_0154 0.020476 5.162937 84.518959 105.484802 242.826813
armored_car_0165 0.011355 1.000000 155.936646 151.208221 340.796661
armored_car_0175 0.005534 67.579590 73.691269 397.330139 263.712952
armored_car_0206 0.012182 1.000000 1.000000 384.323975 209.485260
armored_car_0215 0.012130 36.656738 177.347626 1167.183960 1053.725220
armored_car_0225 0.018666 382.381500 118.383255 644.445068 228.696823
armored_car_0225 0.294943 1103.466675 258.552002 1273.587769 483.541931
armored_car_0225 0.017027 992.881165 184.984161 1229.914185 356.633392
armored_car_0225 0.993705 663.252808 223.418976 1143.078491 498.363129
armored_car_0225 0.991646 1.000000 347.571350 655.324097 764.068298
armored_car_0225 0.020656 1157.487305 234.621552 1273.176514 378.396027
armored_car_0225 0.008408 783.799500 132.448105 939.678894 238.677139
armored_car_0254 0.009410 75.731903 234.947556 956.809692 692.847778
armored_car_0255 0.012952 147.534668 78.687531 655.752625 392.853180
armored_car_0265 0.005159 3.817196 216.603821 116.989471 313.621521
armored_car_0274 0.012193 40.659576 47.785553 962.868530 587.855713
armored_car_0275 0.010059 11.394608 18.294884 118.832489 201.217865
armored_car_0284 0.136362 95.635620 1.000000 776.157349 592.742676
armored_car_0305 0.100511 280.112122 114.581299 497.394531 338.419830
armored_car_0305 0.941792 3.617294 182.026825 278.491272 312.270294
armored_car_0346 0.490807 38.068176 264.969299 297.698761 371.701843
armored_car_0356 0.005900 27.690109 119.534454 475.682983 376.297699
armored_car_0415 0.999836 12.755157 51.231018 463.738861 285.124817
armored_car_0416 0.737739 35.631531 135.584152 943.665771 605.633301
armored_car_0426 0.065376 98.152924 63.219452 493.074799 316.893402
armored_car_0446 0.014373 107.681702 94.122620 667.829163 616.572815
armored_car_0454 0.008134 30.729340 1.000000 690.000000 356.000000
armored_car_0476 0.999612 317.707428 187.793304 976.837158 566.857910
armored_car_0596 0.880452 184.528122 249.910034 536.176086 411.978821
armored_car_0604 0.716120 59.778076 207.257935 950.000000 1317.939697
armored_car_0605 0.006245 74.318283 1.000000 567.334961 381.397125
armored_car_0635 0.953342 173.172974 1.000000 905.185791 618.004517
armored_car_0655 0.009000 1004.722107 473.493225 2610.987305 1806.577393
armored_car_0674 0.009791 40.843094 86.240356 393.294922 340.821625
armored_car_0676 0.130848 432.608917 117.151520 600.000000 390.299164
armored_car_0686 0.005458 116.460785 52.591011 371.210266 270.965546
armored_car_0704 0.999989 1.000000 9.139076 445.712616 223.112518
armored_car_0704 0.999908 311.540649 20.214554 451.000000 165.713699
armored_car_0704 0.877259 3.855837 63.361118 50.866119 152.160675
armored_car_0724 0.999839 133.955368 82.802094 550.000000 364.226318
armored_car_0735 0.007548 24.265388 380.565735 240.115845 628.922546
armored_car_0746 0.044060 3.840405 114.735718 107.854568 194.235474
armored_car_0765 0.124188 113.650040 66.148643 409.156128 294.734650
armored_car_0785 0.999975 51.947876 6.082458 743.149780 479.000000
armored_car_0805 0.525927 1.000000 73.088654 582.571411 364.553802
armored_car_0805 0.016494 5.833424 152.135162 79.190872 297.030273
armored_car_0815 0.006007 25.236603 80.138184 443.212555 361.264343
armored_car_0816 0.935128 207.469086 142.689087 660.085693 456.211304
armored_car_0825 0.292388 306.934235 98.353699 512.000000 475.202759
armored_car_0825 0.010762 36.767487 151.820770 504.989655 640.000000
armored_car_0834 0.285676 22.917007 30.453125 522.826843 350.000000
armored_car_0834 0.078680 429.306335 53.248154 540.896912 309.206970
armored_car_0836 0.005865 59.253418 45.332169 640.000000 432.000000
armored_car_0856 0.746581 28.485016 22.043335 767.529541 534.169922
armored_car_0866 0.006757 34.527283 69.255417 550.000000 395.427979
armored_car_0874 0.007596 58.660797 139.436646 637.644409 624.000000
armored_car_0875 0.601346 1.000000 11.355499 738.182129 503.000000
armored_car_0904 0.078489 305.178802 229.845703 487.815216 434.373657
armored_car_0904 0.304310 11.982086 451.422760 454.152618 625.110840
armored_car_0905 0.012973 392.156860 195.409821 618.153992 310.179596
armored_car_0934 0.005802 162.316986 103.470367 516.156372 363.445679
armored_car_0936 0.086921 25.607391 19.478180 273.235962 221.000000
armored_car_0945 0.007147 89.881836 103.104980 941.988770 625.401062
armored_car_0966 0.031921 46.833282 16.317795 660.240356 357.908813
armored_car_0974 0.416623 1.000000 22.606873 489.495544 533.467346
armored_car_0974 0.403387 524.015625 163.357361 702.956543 301.501007
armored_car_0974 0.996392 369.070190 165.405685 560.908508 370.064758
armored_car_0984 0.387949 1.000000 47.009033 727.394653 453.585419
armored_car_0985 0.011019 17.127228 62.773361 504.817413 308.919250
armored_car_0995 0.016000 271.519897 111.300034 367.545166 179.307693
armored_car_1004 0.102139 31.263458 126.084732 361.127655 336.859436
armored_car_1006 0.064580 20.712502 40.422737 207.293030 195.188751
armored_car_1054 0.958810 1.000000 56.942696 232.180084 156.000000
armored_car_1054 0.010034 129.993729 88.037804 244.612320 144.258911
armored_car_1055 0.024772 27.962738 70.329376 530.714722 266.792267
armored_car_1076 0.006528 118.861740 22.785465 178.237198 50.038105
armored_car_1076 0.057654 83.171783 129.757538 191.809540 286.251587
armored_car_1115 0.005589 71.740631 91.037636 540.303223 283.956635
armored_car_1116 0.005184 89.783997 284.772919 648.037048 746.159302
armored_car_1124 0.014709 289.585327 213.862579 441.570251 305.345062
armored_car_1126 0.027359 1.000000 1.000000 295.611511 373.000000
armored_car_1126 0.999973 450.549133 137.992004 645.774597 307.890289
armored_car_1126 0.020413 396.893768 173.430862 464.626434 235.069595
armored_car_1135 0.007374 15.534843 86.420547 245.206329 413.295715
armored_car_1135 0.082401 344.888611 155.199875 617.153198 323.903687
armored_car_1136 0.052836 130.009262 58.628723 294.471375 283.959076
armored_car_1136 0.009527 367.588837 43.630417 560.076416 280.370728
armored_car_1145 0.007587 56.618225 179.868637 406.467377 467.023376
armored_car_1146 0.005111 11.704712 27.345551 972.602112 325.572876
armored_car_1146 0.333603 470.121765 145.980286 511.083069 194.837189
armored_car_1146 0.022815 510.363342 197.670319 577.888367 259.962799
armored_car_1146 0.005456 474.634827 145.504532 506.674316 173.091782
car_a0091 0.006130 367.855865 133.143478 437.646210 193.916977
car_a0181 0.011565 44.106537 86.632523 500.000000 375.000000
car_a0210 0.023111 148.541412 143.340729 394.560883 215.416443
car_a0232 0.013226 431.443878 168.979004 497.599152 339.415436
car_a0411 0.006965 101.842865 108.785271 460.140717 261.789490
car_a1148 0.014171 216.436035 148.832428 972.414795 752.136108
car_a1239 0.011143 189.528687 229.386017 1436.403931 731.990479
car_o0011 0.011027 54.797058 44.354523 458.298279 360.699005
car_o0181 0.005066 21.087387 77.973755 474.069397 375.000000
car_o0210 0.040266 140.378738 144.669510 358.006836 207.866837
car_o0319 0.005152 38.118164 5.472626 440.853516 331.000000
car_o0350 0.005508 55.247589 66.518875 448.787781 355.783020
car_o0441 0.005418 91.901779 82.800293 403.656372 280.664154
car_o1296 0.006662 48.798645 252.363892 1347.677490 988.454712
off-road_vehicle_a0309 0.010532 35.945908 54.538773 526.798157 439.201294
off-road_vehicle_a0430 0.006136 188.002747 15.672104 329.517944 254.669601
off-road_vehicle_o0164 0.010010 17.312866 52.043442 610.206482 480.000000
off-road_vehicle_o0172 0.014479 76.218506 46.295227 446.422302 360.000000
off-road_vehicle_o0234 0.005023 1.000000 92.097092 800.000000 577.398438
off-road_vehicle_o0304 0.008143 20.990898 100.386795 245.367310 412.420837
off-road_vehicle_o0502 0.005526 193.207550 132.419571 451.238495 383.761658
tank_a0002 0.999982 65.404266 56.309052 465.011078 351.499390
tank_a0003 0.999978 1.000000 133.802917 758.697327 488.710449
tank_a0003 0.998494 416.464233 166.540054 800.000000 444.987366
tank_a0004 0.999992 14.371552 60.304306 435.892883 394.198792
tank_a0012 0.999998 212.019043 129.724625 358.023743 264.546143
tank_a0013 0.999990 1.000000 49.005280 591.000000 330.911835
tank_a0014 0.999981 1.000000 31.964737 500.000000 311.892578
tank_a0022 0.999830 111.707336 109.500214 401.873535 249.685486
tank_a0023 0.999948 10.868301 31.920273 466.840820 348.148132
tank_a0024 0.998801 16.557419 1.000000 315.128967 493.184021
tank_a0032 0.999946 1.292465 5.840302 412.547363 375.000000
tank_a0033 0.999989 11.363235 1.573349 475.915222 367.490601
tank_a0034 0.999564 1.000000 49.601883 640.000000 398.020752
tank_a0042 0.999880 13.895767 106.062469 441.902466 272.056274
tank_a0042 0.999251 278.466003 88.760963 500.000000 324.191132
tank_a0044 0.999995 1.000000 18.838943 490.899780 310.233398
tank_a0052 0.999990 1.000000 14.062119 640.000000 402.870117
tank_a0053 0.999825 10.523590 63.304703 500.000000 385.618103
tank_a0054 0.999974 1.000000 19.039986 453.000000 228.798370
tank_a0062 0.999909 5.284729 17.319992 471.493713 312.388428
tank_a0063 0.999986 336.589111 140.950607 452.162659 283.513916
tank_a0063 0.999969 16.697891 111.130341 338.061157 270.714661
tank_a0063 0.005085 455.613708 168.827057 500.000000 275.651550
tank_a0064 0.999775 3.437653 48.053673 384.950043 258.724426
tank_a0072 0.999983 22.581360 15.102173 469.928497 277.011658
tank_a0073 0.999973 1.000000 44.203476 500.000000 326.495300
tank_a0074 0.999919 6.029358 11.289383 500.000000 333.105957
tank_a0082 0.999994 7.717270 18.626587 445.370056 283.245178
tank_a0083 0.999920 1.000000 60.943130 375.378113 245.286392
tank_a0092 0.999106 72.306976 208.197479 152.174698 279.194061
tank_a0093 0.999982 35.439438 4.096497 478.741699 259.824463
tank_a0094 0.999936 5.195099 133.478195 358.985809 259.580292
tank_a0102 0.998720 32.532547 115.584152 476.635010 353.111145
tank_a0103 0.999895 118.410294 148.567764 436.741089 315.035767
tank_a0104 0.999981 29.985672 85.091072 500.000000 305.568848
tank_a0112 0.999533 260.763947 88.567131 481.027924 302.078461
tank_a0112 0.999987 35.874252 110.143585 286.922302 314.457031
tank_a0113 0.999905 26.595901 76.202522 370.430786 264.983307
tank_a0114 0.999996 40.031525 51.353828 400.000000 229.815491
tank_a0122 0.999129 1.000000 68.488869 489.347992 318.253143
tank_a0123 0.999955 1.000000 68.563644 500.000000 336.453186
tank_a0133 0.999937 19.807144 30.944672 397.939148 271.139557
tank_a0142 0.999622 114.092560 92.523239 419.311066 275.443848
tank_a0143 0.999914 15.252426 46.314438 399.165466 281.719360
tank_a0144 0.999994 1.000000 81.118698 500.000000 360.895935
tank_a0152 0.999914 73.301956 158.035095 377.039124 309.038727
tank_a0152 0.998628 3.881371 159.173416 79.157173 248.002518
tank_a0154 0.006019 287.490051 103.700066 333.546692 154.072693
tank_a0162 0.999898 9.676910 118.521599 460.023163 367.376801
tank_a0163 0.999986 318.408142 164.190399 460.597656 238.240692
tank_a0163 0.999932 58.539833 175.364334 223.291168 234.453323
tank_a0164 0.999986 50.419922 37.649994 462.510254 365.381042
tank_a0173 0.999942 46.455353 96.057007 463.285675 269.967102
tank_a0174 0.999977 1.000000 13.978317 500.000000 333.000000
tank_a0182 0.999838 3.426781 102.186340 250.929108 352.353882
tank_a0184 0.999988 73.753952 169.598450 437.159546 276.404968
tank_a0192 0.999991 198.607056 161.219116 386.769104 336.989777
tank_a0192 0.999987 363.301056 190.225372 494.072662 328.560638
tank_a0192 0.999905 21.655685 83.062393 333.607178 340.190369
tank_a0193 0.999970 4.042511 170.015030 604.051270 434.302246
tank_a0194 0.999925 13.646515 49.477058 453.102844 302.804138
tank_a0202 0.011139 113.611984 182.132431 143.272491 247.568192
tank_a0203 0.999978 111.483109 1.060013 498.275818 291.768250
tank_a0204 0.999443 46.876236 8.826981 394.460999 300.000000
tank_a0212 0.999947 51.918121 99.135735 440.526672 326.909760
tank_a0213 0.999908 94.620209 119.122665 420.407684 338.548401
tank_a0214 0.999953 127.392990 1.000000 443.955750 325.645081
tank_a0222 0.999983 43.915405 37.041855 485.031616 311.538574
tank_a0223 0.999803 82.394470 355.139587 408.556641 550.796631
tank_a0223 0.998304 381.026031 194.502441 809.492554 610.849548
tank_a0223 0.025615 721.301331 353.920410 837.796204 555.938538
tank_a0223 0.017312 233.375931 341.884949 330.096558 431.300659
tank_a0223 0.011327 181.604446 339.749634 368.336365 495.895813
tank_a0224 0.999959 25.987915 107.740662 2249.959961 1248.303223
tank_a0224 0.990779 1861.357910 498.171478 2500.000000 1147.754761
tank_a0224 0.045214 2145.601318 558.369873 2500.000000 1052.931030
tank_a0224 0.005321 2064.466553 460.758545 2276.987549 745.575073
tank_a0232 0.990600 123.206970 338.585541 740.330505 599.983643
tank_a0232 0.759347 459.818359 391.556274 971.622559 552.679199
tank_a0232 0.148620 21.409149 219.954132 880.481689 647.311890
tank_a0234 0.999889 1.000000 88.543121 1200.000000 790.061646
tank_a0234 0.999809 712.661194 322.776642 1200.000000 711.446899
tank_a0242 0.996633 65.949173 77.533905 539.564392 304.095917
tank_a0243 0.012340 1.000000 225.482971 640.000000 916.528992
tank_a0244 0.966565 1.000000 148.865387 1280.000000 839.162720
tank_a0252 0.999958 1.000000 82.065140 590.000000 342.526550
tank_a0253 0.999987 1.000000 245.944824 1024.000000 585.838379
tank_a0254 0.999755 65.123718 8.135101 445.483307 331.000000
tank_a0262 0.999977 123.168640 109.759064 1693.498779 911.437622
tank_a0263 0.999808 1.000000 22.018402 396.843750 230.277954
tank_a0264 0.960736 918.824402 359.501465 2619.815918 999.595703
tank_a0264 0.383323 214.892944 371.359253 2801.271484 1733.259888
tank_a0272 0.999996 102.650208 274.920166 1588.237305 1005.073242
tank_a0273 0.999994 4.533203 315.380371 1495.000000 904.493042
tank_a0274 0.997423 1.000000 20.665604 298.835724 177.038803
tank_a0282 0.999955 32.644623 308.290283 1005.590454 718.160400
tank_a0283 0.998928 64.639206 83.271957 543.925049 436.157959
tank_a0284 0.999915 73.444214 182.898071 1652.198486 1116.956421
tank_a0292 0.999312 1.000000 58.466118 487.610809 228.881897
tank_a0292 0.007249 234.362762 32.972588 277.955383 78.813637
tank_a0293 0.998910 1.000000 39.733765 297.933014 214.842087
tank_a0302 0.834603 636.271851 185.781906 1024.000000 565.637207
tank_a0302 0.676569 1.000000 258.631927 967.289612 540.833862
tank_a0302 0.195235 10.277443 250.629608 169.572144 412.831390
tank_a0303 0.999669 7.855652 8.742859 1054.937744 652.791443
tank_a0304 0.893248 1.000000 132.243469 550.000000 447.000000
tank_a0304 0.551717 1.000000 20.989571 550.000000 268.823059
tank_a0304 0.039776 82.437164 1.000000 471.746979 353.271973
tank_a0304 0.007460 171.008484 12.234207 220.942047 79.138573
tank_a0304 0.005527 1.000000 250.570404 550.000000 447.000000
tank_a0312 0.929934 222.369446 236.013916 1557.454834 913.225708
tank_a0313 0.999989 1.000000 133.984116 765.000000 445.701050
tank_a0314 0.999633 1.000000 61.153290 498.026184 322.440857
tank_a0322 0.999875 17.234711 60.173599 579.526001 389.234924
tank_a0323 0.999950 1.000000 78.769348 1152.000000 674.017517
tank_a0324 0.999874 51.571594 39.412842 911.523010 638.022095
tank_a0332 0.999820 110.123199 226.322861 719.130127 619.394226
tank_a0333 0.999981 15.260498 74.564041 1100.000000 547.849426
tank_a0334 0.245545 36.283066 90.571945 343.831055 349.853638
tank_a0342 0.017770 730.281494 83.438881 1021.174683 324.881012
tank_a0342 0.999978 30.314819 134.144196 861.216125 696.901978
tank_a0343 0.999993 206.684082 173.289917 2043.863281 989.367188
tank_a0344 0.999965 58.240753 134.004181 1055.415771 717.572266
tank_a0352 0.983811 1.000000 6.947113 580.655823 379.314331
tank_a0353 0.864169 160.122604 67.525955 543.646545 344.932190
tank_a0354 0.999958 1.000000 100.943939 1920.000000 953.113892
tank_a0362 0.999984 34.851624 314.066956 1187.524414 700.213440
tank_a0362 0.995305 10.656471 374.054382 220.687073 641.097046
tank_a0363 0.999972 30.853485 77.260582 590.000000 311.284637
tank_a0364 0.999458 31.962128 51.030609 945.762207 757.119873
tank_a0372 0.999981 1.000000 66.592255 1200.000000 715.635376
tank_a0373 0.999967 23.527771 26.530090 945.239441 726.415344
tank_a0374 0.943997 358.234070 230.788391 642.940979 364.518555
tank_a0374 0.967575 22.851334 281.226501 385.432495 407.969604
tank_a0382 0.999977 42.476440 197.411469 898.106506 612.936157
tank_a0383 0.981166 320.974945 141.491501 1034.635010 490.130127
tank_a0384 0.990930 15.179794 61.934334 275.392639 213.668579
tank_a0392 0.999978 1.000000 78.931152 1536.976562 797.846008
tank_a0393 0.999966 18.078766 97.054886 708.645386 411.571167
tank_a0394 0.998287 57.638947 81.251099 582.940674 428.471497
tank_a0394 0.009356 27.781107 173.839920 85.031616 315.601135
tank_a0402 0.999995 145.599640 51.519348 940.923096 696.116333
tank_a0403 0.999973 67.998718 122.232620 1187.651123 586.635132
tank_a0404 0.995939 1.000000 63.146904 300.000000 207.483917
tank_a0412 0.999987 1.000000 86.537750 993.594238 747.505371
tank_a0413 0.997589 40.473877 93.566010 1728.000000 1089.596191
tank_a0414 1.000000 817.445923 228.384094 1152.000000 743.721375
tank_a0414 0.999987 1.000000 302.088806 365.414490 684.460632
tank_a0414 0.999927 254.098846 55.560303 919.035889 696.850098
tank_a0422 0.999987 5.920197 120.304474 962.988403 544.117065
tank_a0423 0.999997 99.160034 122.944275 946.146118 708.447754
tank_a0424 0.999978 172.356293 228.938995 1054.555908 618.187134
tank_a0432 0.999981 1.000000 156.640106 1732.679688 1055.000000
tank_a0433 0.999990 24.679993 279.335541 1600.000000 1084.413452
tank_a0434 0.999984 19.638733 190.237839 1022.542786 677.173767
tank_a0442 0.999318 106.708405 227.254868 1070.673340 650.087585
tank_a0442 0.904391 622.520874 405.298737 1176.001831 596.406982
tank_a0443 0.999953 612.165466 376.286072 1208.254639 1006.610901
tank_a0444 0.999971 1.000000 65.727600 1920.000000 1054.951416
tank_a0452 0.999911 84.648438 75.618500 455.973816 297.616852
tank_a0453 0.997910 1.232056 226.511703 1024.000000 692.264526
tank_a0454 0.999870 1.000000 158.406815 1024.000000 630.724609
tank_a0454 0.014631 434.447357 143.688019 626.183350 219.493317
tank_a0462 0.999834 480.851318 519.131226 1173.780640 842.505127
tank_a0463 0.999994 45.840881 79.505463 1257.495117 777.412231
tank_a0463 0.017098 782.140991 137.916138 932.803467 282.558258
tank_a0464 0.999962 246.510406 172.304108 1071.786011 799.033569
tank_a0472 0.999993 27.960938 14.401428 598.795898 478.504333
tank_a0473 0.999606 5.882874 124.401527 586.886963 332.993317
tank_a0474 0.999990 43.939331 148.722443 1024.000000 645.701660
tank_a0474 0.011589 504.595306 237.663208 577.303894 319.734497
tank_a0482 0.999992 14.980103 88.977295 1004.286133 768.000000
tank_a0483 0.999938 115.712646 29.338715 1286.000000 717.347046
tank_a0484 0.999995 83.595337 256.108154 933.218750 691.651855
tank_a0492 0.999773 5.665070 49.861862 655.157715 429.351013
tank_a0493 0.999892 1.815674 40.610573 266.712860 160.269318
tank_a0494 0.999508 84.615723 254.844910 1117.371704 789.879822
tank_a0494 0.100034 664.249146 361.949249 1280.000000 643.302124
tank_a0502 0.998630 31.763916 163.717590 977.048584 540.761047
tank_a0503 0.999942 3.133575 29.978683 783.078003 489.629883
tank_a0504 0.999997 15.486420 25.696320 1000.664185 708.000000
tank_a0512 0.999993 1.000000 172.392441 1000.000000 621.079285
tank_a0513 0.997535 69.652420 438.349243 466.568726 766.972656
tank_a0513 0.993764 1090.418457 410.266846 1434.964600 792.566650
tank_a0514 0.999972 151.294800 124.704010 611.036377 468.600433
tank_a0522 0.999929 1.000000 15.905586 496.415222 163.790955
tank_a0523 0.999860 1.000000 12.297485 300.000000 183.768692
tank_a0524 0.999885 1.000000 66.477921 554.046387 350.083435
tank_a0532 0.999992 77.699554 84.221008 891.560547 650.462402
tank_a0533 0.999962 41.464111 232.869904 1433.411743 1068.000000
tank_a0534 0.999962 83.307068 89.226715 958.444153 736.239258
tank_a0542 0.999988 12.337143 59.758194 493.919556 325.000000
tank_a0543 0.999858 945.278503 210.352539 1895.129395 881.164673
tank_a0543 0.999377 31.702271 228.019135 1028.306519 927.479614
tank_a0544 0.999994 1.000000 34.362427 450.000000 272.653168
tank_a0552 0.999184 1.000000 67.631531 500.000000 320.103241
tank_a0553 0.999959 26.535400 49.563568 1132.909912 789.497192
tank_a0554 0.999897 1.000000 109.426758 1600.000000 729.689697
tank_a0562 0.999987 1.000000 275.530670 2256.000000 1185.487427
tank_a0563 0.999966 39.482300 38.550629 1264.691528 720.000000
tank_a0564 0.999964 1.000000 182.633514 1024.000000 572.236328
tank_a0573 0.999997 5.936890 376.528381 2048.000000 1184.295898
tank_a0574 0.999956 1.000000 7.660187 1024.000000 582.459351
tank_a0582 0.999989 11.467560 20.703766 486.595612 336.620453
tank_a0583 0.999310 14.263016 120.826889 480.404297 283.587463
tank_a0584 0.999755 35.081604 316.299164 861.531433 932.915894
tank_a0592 0.999890 28.533936 122.012146 1017.372070 673.909973
tank_a0593 0.995798 82.914429 108.240143 966.806030 646.333252
tank_a0593 0.364168 1.000000 331.832947 532.720947 540.510925
tank_a0594 0.006329 51.594177 282.266907 1205.763672 1042.000000
tank_a0602 0.999993 5.264236 12.857010 385.000000 227.811996
tank_a0603 0.999940 2.342773 1.000000 1600.000000 860.001465
tank_a0604 0.999911 1.000000 190.312927 481.571106 563.914124
tank_a0604 0.137543 4.635864 338.744446 158.786530 527.754944
tank_a0612 0.999987 352.697815 302.489563 1764.398438 1040.306396
tank_a0613 0.999944 30.860565 17.860855 463.120972 317.648865
tank_a0614 0.999970 45.394775 82.997925 1720.260010 1113.182861
tank_a0622 0.999968 1.000000 221.995880 2048.000000 995.739258
tank_a0623 0.999822 500.996582 1073.472656 4188.850098 2951.485107
tank_a0624 0.999991 1.000000 114.522766 969.765869 648.854004
tank_a0632 0.999932 32.470215 115.030090 1218.336670 639.574219
tank_a0633 0.999986 41.827759 178.209412 1468.693848 755.711548
tank_a0634 0.999849 97.615875 222.270081 957.351074 683.850769
tank_a0642 0.997121 1.000000 371.215149 838.169617 818.845032
tank_a0642 0.758159 540.884155 549.558899 900.178101 723.834778
tank_a0643 0.999794 1.000000 17.722767 210.339569 137.559677
tank_a0643 0.990084 145.368866 40.735924 219.315033 130.346283
tank_a0644 0.999876 3.238647 99.843552 690.000000 450.764038
tank_a0652 0.433784 196.738800 60.119682 285.292145 137.779694
tank_a0652 0.999755 39.911285 33.243431 245.009949 189.474396
tank_a0653 0.999434 84.583984 109.969414 484.152588 285.617004
tank_a0654 0.993386 1.000000 251.021027 387.229675 661.439941
tank_a0654 0.090733 246.698517 262.176025 1024.000000 657.004089
tank_a0654 0.016407 965.316528 333.913269 1023.007935 484.855347
tank_a0662 0.999979 1.000000 116.804535 1200.000000 851.862427
tank_a0663 0.999650 135.392639 277.337555 1808.722168 896.913452
tank_a0664 0.999976 1.000000 122.903091 981.854431 588.583679
tank_a0672 0.999302 40.067444 115.564468 1122.868164 586.837219
tank_a0673 0.999936 97.121918 73.516556 586.568970 433.500549
tank_a0674 0.999989 1.000000 70.766022 1024.000000 683.369263
tank_a0682 0.990899 88.479614 1.000000 917.353149 655.414673
tank_a0683 0.999573 105.904968 147.056854 979.836365 635.508301
tank_a0683 0.006305 514.458984 80.394714 615.105225 204.296600
tank_a0684 0.159269 173.699829 173.277863 1700.077881 828.351929
tank_a0684 0.013299 1097.955322 419.404938 1248.306152 604.658386
tank_a0684 0.010519 682.874329 246.540894 849.486145 441.832703
tank_a0692 0.999985 35.555923 102.017967 446.132629 286.311096
tank_a0693 0.999976 1.000000 99.772705 1200.000000 718.814148
tank_a0694 0.999960 1.000000 158.651093 1024.000000 746.297729
tank_a0703 0.999995 12.787750 36.730347 978.472900 738.044800
tank_a0704 0.969147 27.904015 84.480988 279.253082 349.391815
tank_a0704 0.999978 106.626251 111.709778 1024.000000 732.822632
tank_a0704 0.999180 763.534729 97.549576 1015.177917 363.913391
tank_a0712 0.921199 20.272148 1.000000 262.391724 206.471176
tank_a0713 0.999847 49.063751 33.644775 760.110229 600.000000
tank_a0714 0.971888 161.404892 168.894257 326.612488 263.698395
tank_a0714 0.997929 312.230042 168.882828 579.314514 265.608063
tank_a0722 0.999990 23.543060 24.852310 683.726685 429.873718
tank_a0723 0.992025 15.630920 96.328644 551.589355 343.420776
tank_a0724 0.999908 25.932068 147.690186 1156.132812 779.413452
tank_a0732 0.999993 1.000000 114.391541 1137.402344 746.982788
tank_a0733 0.606920 104.963989 420.986115 1337.470337 995.290894
tank_a0733 0.007250 140.975769 480.858032 1051.287109 813.549683
tank_o0000 0.999309 1.000000 18.698631 500.000000 272.324615
tank_o0008 0.999990 24.893555 66.962433 414.846313 283.067810
tank_o0009 0.999990 1.000000 53.516098 500.000000 310.308716
tank_o0010 0.999988 1.000000 91.369125 363.245789 264.952515
tank_o0010 0.018060 5.990316 131.590561 64.492447 221.393906
tank_o0018 0.999985 1.000000 1.793289 420.769409 267.667603
tank_o0019 0.999936 54.589813 57.104675 573.824829 385.495361
tank_o0020 0.999915 4.563652 27.235489 248.295166 375.000000
tank_o0020 0.999583 234.092224 9.253220 500.000000 359.629089
tank_o0028 0.999932 127.829880 135.638794 543.300903 322.780853
tank_o0029 0.999996 1.000000 67.474426 1024.000000 586.648071
tank_o0038 0.999993 1.000000 75.863831 681.000000 450.412903
tank_o0039 0.999928 38.126358 41.398888 298.718628 227.125916
tank_o0040 0.999909 52.427063 116.498917 553.476135 358.814148
tank_o0048 0.999720 66.655792 120.633682 789.756714 560.629517
tank_o0049 0.999956 78.927505 35.141342 450.826477 334.785889
tank_o0050 0.999983 1.000000 64.517883 500.000000 324.720551
tank_o0058 0.999970 37.559296 89.778076 492.416412 335.336945
tank_o0059 0.999930 34.832825 32.860413 340.483337 354.053619
tank_o0059 0.999782 235.825363 104.303497 487.103455 290.706604
tank_o0068 0.999954 55.700241 51.038879 497.235901 367.176819
tank_o0069 0.999062 18.209991 147.575928 512.755127 550.314209
tank_o0070 0.999887 38.340286 98.224663 473.807617 252.080780
tank_o0078 0.998998 43.197464 1.000000 446.168762 377.518616
tank_o0080 0.999949 1.000000 112.865631 496.044647 371.306915
tank_o0088 0.999962 1.514725 80.531471 379.000000 222.109283
tank_o0089 0.999865 73.363358 118.732368 479.597229 266.449097
tank_o0090 0.999989 26.568329 98.474403 518.370239 326.178284
tank_o0098 0.999986 40.724045 54.382828 337.907166 289.131958
tank_o0099 0.999467 29.590805 141.006500 405.201172 264.368774
tank_o0100 0.999966 61.607590 63.465271 468.489624 363.550537
tank_o0108 0.992479 1.000000 123.269562 88.988609 305.024597
tank_o0108 0.999793 51.159836 108.567955 387.433533 299.040558
tank_o0109 0.999917 4.093903 18.732796 401.080139 194.523865
tank_o0110 0.999975 21.792145 11.990219 483.682495 334.000000
tank_o0118 0.999968 25.065903 112.757683 443.511169 331.675781
tank_o0119 0.999678 114.843628 22.588760 380.544281 288.911804
tank_o0119 0.998540 380.346619 144.459274 498.535095 238.976364
tank_o0120 0.999913 7.172974 49.055817 471.005981 278.431519
tank_o0128 0.999877 30.477257 21.663185 225.236877 147.360657
tank_o0129 0.999929 21.986877 272.804901 1402.526367 977.448608
tank_o0130 0.999388 144.139923 129.431335 390.816986 236.797363
tank_o0138 0.999994 22.974564 60.291222 473.731262 244.796173
tank_o0139 0.999914 58.745377 74.396599 470.749084 248.775970
tank_o0140 0.999991 1.000000 22.215759 500.000000 302.495453
tank_o0148 0.999978 1.000000 8.261078 500.000000 287.944672
tank_o0149 0.999827 141.451019 141.529877 333.374542 208.575256
tank_o0150 0.998084 11.592560 1.000000 481.991241 331.008972
tank_o0160 0.998614 138.845032 178.760666 346.413849 305.765869
tank_o0168 0.999990 22.738159 48.502716 500.000000 339.932465
tank_o0169 0.999989 1.000000 84.100601 500.000000 342.000000
tank_o0170 0.999914 12.231354 14.353912 481.294891 334.000000
tank_o0170 0.998743 393.022644 199.081497 495.651245 300.774750
tank_o0179 0.999983 35.104706 82.195724 482.083832 403.043152
tank_o0180 0.999833 18.793732 44.871735 653.756592 416.700439
tank_o0188 0.999967 31.617157 11.404251 478.373566 276.000000
tank_o0189 0.999957 35.622528 16.660904 494.101044 307.098999
tank_o0198 0.999711 15.165451 51.639702 458.605835 204.801208
tank_o0200 0.999990 18.899734 70.614777 417.646240 315.299591
tank_o0208 0.999990 12.124023 30.331879 483.448395 292.007202
tank_o0209 0.999991 39.293732 127.276352 426.719482 287.289734
tank_o0210 0.999755 1.000000 99.336365 500.000000 362.901520
tank_o0219 0.999782 72.934952 21.353668 432.183533 380.970520
tank_o0220 0.999989 12.632309 9.112106 471.398987 369.000000
truck_0042 0.042685 55.975739 7.288269 541.343140 398.000000
truck_0108 0.017837 6.658257 58.943428 190.250793 113.279442
truck_0189 0.015726 147.704132 10.673492 481.498627 370.000000
truck_0209 0.008403 1.000000 145.754425 421.271912 262.089874
truck_0232 0.785275 129.830444 56.941864 284.592102 166.826050
truck_0263 0.011824 34.533310 2.472595 500.000000 348.010742
truck_0336 0.055384 284.104187 169.110977 434.845581 276.892273
truck_0490 0.008949 101.540131 198.385223 663.040405 362.301910
truck_0511 0.015649 9.316177 87.005714 215.023300 332.922913
truck_0593 0.011162 26.981255 35.252949 201.477478 142.789642
truck_0603 0.009074 1.000000 16.123856 494.247559 128.208389
truck_0716 0.008416 53.689987 14.375854 447.038818 322.044189
truck_0769 0.005340 1.003174 234.645828 441.245850 337.690369
truck_0919 0.081593 1.000000 32.076279 794.000000 431.510803
