2007_001857 0.008852 40.694321 51.004898 466.277832 375.000000
2007_002611 0.006404 5.864731 1.000000 475.920715 349.990906
2007_003503 0.869931 68.919708 95.264664 369.624725 247.561844
2007_004049 0.008687 1.000000 12.907349 357.213989 470.517395
2007_005248 0.011089 27.021332 18.892227 463.978668 349.085999
2007_007726 0.011403 28.612167 32.720200 334.684326 462.509338
2008_000203 0.136036 71.804680 107.302048 246.053223 258.499390
2008_000226 0.351668 1.000000 48.915680 271.289001 192.947586
2008_000260 0.071966 274.975616 93.874908 494.551300 225.708313
2008_000278 0.005518 359.571289 95.640656 500.000000 375.000000
2008_000982 0.021914 401.995239 167.206360 492.995605 261.606018
2008_001205 0.006252 1.000000 81.632477 375.000000 500.000000
2008_001432 0.511524 312.014374 153.730026 398.540863 199.322983
2008_001432 0.016198 288.622375 148.961594 318.958679 196.964890
2008_003140 0.009467 320.556885 121.345207 451.198792 243.758667
2008_003141 0.006502 7.694283 181.857849 150.995605 324.400665
2008_004713 0.016763 76.675766 48.410782 487.561707 333.294861
2009_001237 0.010641 417.109680 235.304657 500.000000 310.414032
2009_001908 0.005149 1.000000 1.000000 425.407532 333.000000
2009_002239 0.010013 118.136703 51.775513 474.634094 500.000000
2009_002312 0.033996 310.061188 225.735336 427.122101 281.417755
2009_002312 0.010483 129.199173 196.939285 152.457474 253.004227
2009_002439 0.013955 1.000000 56.082230 500.000000 375.000000
2009_004669 0.028542 1.000000 151.037964 418.428253 288.170868
2009_004671 0.629695 21.936676 39.399780 485.796692 306.782074
2009_004913 0.053405 1.000000 80.543831 500.000000 322.661438
2010_000148 0.006449 433.372528 137.290039 498.916473 172.690063
2010_004186 0.082705 159.619354 83.778534 397.896454 353.613495
2010_004779 0.034225 34.904816 120.420425 398.715363 286.768188
2010_005041 0.167727 118.888367 95.058960 500.000000 239.023621
2010_005389 0.020716 169.577988 175.835663 271.712097 225.252991
2010_005389 0.008110 7.073267 130.350266 50.610741 181.118362
2011_000745 0.005951 259.267944 59.371513 500.000000 247.957672
2011_001124 0.010968 105.704956 137.059235 258.282990 239.428772
2011_001193 0.940058 227.671463 115.325134 479.656433 237.197571
2011_002106 0.006917 258.945862 86.369164 491.066284 255.224579
2011_002459 0.006917 29.915146 21.073334 371.879211 286.638855
2011_002536 0.011512 279.979309 269.944672 345.494080 307.779022
2011_003114 0.577615 130.980682 56.553711 379.304901 326.545654
2011_003236 0.009882 38.050201 20.887070 439.488525 375.000000
2011_005023 0.016749 128.403381 256.866821 146.323425 301.354858
2011_005341 0.021633 32.318665 24.021255 452.869629 375.000000
2011_005947 0.005464 309.055847 177.727173 373.719666 272.838806
2012_000051 0.021069 191.811417 213.234451 236.896164 252.291672
2012_000174 0.282617 1.000000 48.617661 449.565979 375.000000
2012_000671 0.024233 1.000000 12.462563 320.000000 234.876068
2012_001155 0.994011 78.928558 51.280716 429.413483 432.865723
2012_001861 0.018563 1.000000 12.607040 444.993042 333.000000
2012_002426 0.059168 59.549561 103.774261 471.724854 264.899536
2012_003453 0.005332 43.995667 1.000000 320.456665 500.000000
airplane_a0085 0.070558 17.819122 58.324310 531.000000 339.540009
airplane_a0216 0.006396 343.253662 39.051697 803.058960 477.046875
airplane_a0226 0.169066 1.000000 125.884506 450.000000 325.102051
airplane_a0235 0.007578 80.963562 163.582733 1200.000000 518.143311
airplane_a0246 0.008141 183.674667 44.209564 631.392700 579.945557
airplane_a0265 0.056394 463.867279 254.961716 541.591919 299.637238
airplane_a0306 0.253237 61.999176 158.716934 459.238312 255.111404
airplane_a0337 0.038036 109.438492 65.773392 327.692383 228.815903
airplane_a0426 0.008457 30.415100 180.811478 600.000000 339.828796
airplane_a0447 0.015273 432.966461 1.000000 1178.447388 959.445435
airplane_a0517 0.021552 452.988922 329.464172 549.824890 382.530518
airplane_a0536 0.007071 267.862183 221.948868 370.559753 255.524063
airplane_a0578 0.010065 390.505646 260.699738 420.730499 294.576385
airplane_o0006 0.036626 111.900841 228.509003 184.721283 266.924591
airplane_o0015 0.161636 59.333221 151.354904 993.798828 504.398865
airplane_o0045 0.038479 215.157043 82.195312 1084.287354 774.517212
airplane_o0085 0.104563 39.303665 52.905167 490.028564 324.808105
airplane_o0124 0.005960 316.139740 75.724785 347.863983 107.422493
airplane_o0154 0.006227 155.997314 205.698761 1673.680176 718.755615
airplane_o0194 0.128878 44.008789 64.789062 1181.385742 669.439575
airplane_o0226 0.005710 1.000000 107.391411 450.000000 297.798218
airplane_o0246 0.022423 434.897644 80.815735 841.026672 603.389282
airplane_o0265 0.047700 482.479797 252.247879 562.068542 305.847565
airplane_o0306 0.475337 45.430099 160.109177 464.604370 245.042526
airplane_o0337 0.191158 133.636856 72.772888 332.386780 223.988220
airplane_o0395 0.006935 10.202850 191.685532 866.367065 464.017822
airplane_o0425 0.006373 1.000000 124.046623 359.421448 315.446472
airplane_o0426 0.011402 2.615082 177.630371 579.290039 342.264221
airplane_o0517 0.017228 464.758606 331.449188 575.650330 380.247162
airplane_o0578 0.005052 184.412796 259.793854 214.557510 295.867340
armored_car_0025 0.018270 1682.116699 576.294739 2250.000000 1087.934692
armored_car_0026 0.007213 86.559723 316.903931 760.283936 964.195435
armored_car_0045 0.115096 58.575592 122.405487 497.832794 783.100952
armored_car_0076 0.017587 245.168823 246.714355 1287.173218 1289.337158
armored_car_0085 0.005411 64.829285 42.998932 966.337585 777.000000
armored_car_0134 0.110429 719.320801 796.227051 958.768188 947.341919
armored_car_0134 0.082740 1231.317627 828.737915 1447.492432 960.774536
armored_car_0134 0.981959 972.881653 818.340149 1159.234741 943.294006
armored_car_0134 0.008363 868.067688 808.556702 1057.024292 943.979187
armored_car_0164 0.006766 47.492996 15.390594 518.475464 327.969299
armored_car_0165 0.035040 4.681610 154.942749 144.259537 341.402405
armored_car_0186 0.007281 127.805084 6.254074 389.148590 480.000000
armored_car_0265 0.017540 1.000000 207.025818 122.372826 313.210693
armored_car_0296 0.006766 47.492996 15.390594 518.475464 327.969299
armored_car_0306 0.021117 59.674652 24.165466 488.470734 323.270264
armored_car_0415 0.025382 30.636795 37.454300 445.635254 322.000000
armored_car_0426 0.044224 110.624542 82.142273 527.617554 312.573120
armored_car_0454 0.106505 15.608063 1.000000 676.699341 356.000000
armored_car_0456 0.007123 1.000000 16.057541 635.841614 440.557251
armored_car_0514 0.017736 38.385956 7.632782 375.085693 275.019043
armored_car_0515 0.007253 42.588562 34.335922 748.000000 506.664612
armored_car_0576 0.005786 75.648575 21.570786 435.094360 344.285461
armored_car_0615 0.049283 84.807343 15.156006 609.599854 469.023132
armored_car_0616 0.026981 445.416595 128.708344 498.927216 169.799744
armored_car_0675 0.010939 34.511597 1.000000 578.421082 385.433411
armored_car_0676 0.007283 389.088318 109.651947 600.000000 400.000000
armored_car_0685 0.005746 13.135239 20.356308 461.288940 339.000000
armored_car_0756 0.013218 160.858017 123.500763 535.518188 334.176727
armored_car_0765 0.007456 119.722412 86.111092 402.608032 297.884827
armored_car_0775 0.009947 47.604324 4.389832 493.287842 337.138702
armored_car_0875 0.143418 22.448547 1.000000 710.938660 503.000000
armored_car_0886 0.006502 15.545410 20.204712 711.892883 464.000000
armored_car_0904 0.042191 311.765228 211.957428 496.457123 418.571014
armored_car_0936 0.005227 21.160736 20.837288 283.804962 200.146851
armored_car_0966 0.006677 120.241241 64.254883 655.614502 403.939087
armored_car_0974 0.006884 17.921661 118.216232 434.093689 512.636292
armored_car_0986 0.012009 69.067795 133.492706 464.641357 537.000000
armored_car_1006 0.016149 17.134514 65.795509 214.330444 208.078552
armored_car_1034 0.040788 23.077713 1.000000 239.987564 171.000000
armored_car_1075 0.007206 143.874878 229.274109 2221.922363 1938.006592
armored_car_1095 0.136340 83.085129 366.414062 473.937317 554.307983
armored_car_1095 0.005374 601.830444 409.202698 935.936157 562.249939
armored_car_1106 0.005378 100.917686 205.406265 242.976868 390.081970
armored_car_1116 0.026706 89.783997 284.772919 648.037048 746.159302
armored_car_1126 0.005594 1.000000 7.420456 272.068726 369.849304
armored_car_1134 0.006671 60.340149 5.278214 628.026855 430.766479
armored_car_1136 0.014386 130.009262 58.628723 294.471375 283.959076
armored_car_1145 0.029559 56.618225 179.868637 406.467377 467.023376
armored_car_1146 0.231299 470.121765 145.980286 511.083069 194.837189
armored_car_1146 0.008643 300.421814 274.978394 436.825745 376.447266
armored_car_1146 0.083066 510.363342 197.670319 577.888367 259.962799
car_a0131 0.009673 49.588463 1.000000 278.486816 276.917999
car_a0242 0.005856 1.052189 103.171532 47.316765 130.421631
car_a0261 0.050433 50.162979 1.000000 449.636292 332.000000
car_a0360 0.011171 53.707870 27.689209 500.000000 226.815079
car_a1018 0.007541 534.242554 510.920746 1152.314453 803.768188
car_a1169 0.006258 246.717926 138.420563 764.362549 505.487335
car_a1248 0.135571 941.316772 450.521118 3065.283691 2471.017578
car_a1377 0.018393 625.535156 102.913330 1463.851074 1193.000732
car_a1378 0.009173 13.298950 205.102493 1024.000000 629.172058
car_o0091 0.006003 158.720276 136.399567 250.243713 214.999451
car_o0151 0.065069 3.980164 127.348244 398.147369 301.711487
car_o0211 0.005066 1.000000 156.965805 140.848175 278.726257
car_o0321 0.007386 46.617340 157.416061 718.656738 411.634277
car_o0360 0.008864 7.831879 12.906418 445.093536 217.189651
car_o1086 0.005206 146.247269 50.573181 583.504333 719.936707
car_o1227 0.006975 202.194458 641.183228 1584.199463 967.080444
car_o1248 0.223576 674.089478 123.115967 2899.520020 2539.689209
car_o1377 0.007657 494.529602 141.933411 1306.989990 1200.000000
off-road_vehicle_a0000 0.018894 135.719635 76.858429 774.403442 586.157471
off-road_vehicle_a0019 0.999471 56.956284 47.990692 509.421509 350.053864
off-road_vehicle_a0040 0.010410 36.509628 44.434189 450.000000 332.124084
off-road_vehicle_a0048 0.999934 220.175934 78.227814 1016.375000 594.231689
off-road_vehicle_a0078 0.012431 72.436127 84.343086 420.404480 333.125153
off-road_vehicle_a0178 0.025129 165.559021 103.923691 718.031982 558.717957
off-road_vehicle_a0189 0.005316 136.229218 106.944321 460.260284 417.056702
off-road_vehicle_a0198 0.007019 1.000000 76.389740 469.262329 466.750397
off-road_vehicle_a0359 0.008758 35.266800 44.698090 422.332947 337.000000
off-road_vehicle_a0388 0.065512 149.778137 38.136627 1164.656250 740.205200
off-road_vehicle_a0429 0.998638 1.000000 5.478874 268.743103 243.954895
off-road_vehicle_a0429 0.992760 546.064880 8.238861 720.000000 270.066711
off-road_vehicle_a0429 0.576335 175.543762 50.422882 563.227722 191.686401
off-road_vehicle_a0429 0.204778 73.140594 13.147697 685.146362 212.513977
off-road_vehicle_a0430 0.985743 514.119263 81.875443 600.000000 178.425369
off-road_vehicle_a0430 0.999503 179.956787 45.756935 338.030823 222.350220
off-road_vehicle_a0430 0.998824 1.000000 5.556900 216.164185 283.845276
off-road_vehicle_a0460 0.058207 42.616898 20.016205 437.655762 325.723938
off-road_vehicle_a0469 0.989006 275.838806 188.050568 500.000000 293.534546
off-road_vehicle_a0478 0.095501 125.224640 28.663101 440.525543 314.497986
off-road_vehicle_a0570 0.005116 33.836922 5.522369 240.000000 166.195038
off-road_vehicle_o0032 0.005943 12.567062 40.493408 445.039795 298.000000
off-road_vehicle_o0052 0.013891 6.755051 92.950119 246.855865 244.560532
off-road_vehicle_o0064 0.012274 53.005432 9.335999 577.501343 467.144714
off-road_vehicle_o0092 0.005274 17.548462 16.912003 553.854370 387.000000
off-road_vehicle_o0102 0.005204 131.441956 83.246780 553.107422 452.308105
off-road_vehicle_o0103 0.006349 17.692841 18.187332 553.945068 386.853577
off-road_vehicle_o0172 0.999749 28.826279 91.036911 480.000000 336.992432
off-road_vehicle_o0173 0.008747 46.149200 1.000000 600.000000 363.000000
off-road_vehicle_o0194 0.008228 31.501801 35.106491 376.472351 315.000000
off-road_vehicle_o0274 0.015958 11.995514 48.035736 602.000000 425.000000
off-road_vehicle_o0294 0.010340 50.604584 1.000000 702.615112 421.000000
off-road_vehicle_o0302 0.005254 129.506409 106.948120 818.494629 695.518250
off-road_vehicle_o0304 0.012676 32.558151 112.343185 358.956970 431.045227
off-road_vehicle_o0313 0.016876 24.098877 111.920639 475.841980 319.317322
off-road_vehicle_o0343 0.011020 76.271576 39.598251 404.664215 337.787170
off-road_vehicle_o0363 0.006959 116.214493 59.711746 367.858582 322.716309
off-road_vehicle_o0424 0.999905 1.000000 1.000000 463.133301 252.592499
off-road_vehicle_o0434 0.999627 12.536102 40.351959 936.000000 604.571655
off-road_vehicle_o0444 0.009408 33.659302 1.000000 640.000000 505.767548
off-road_vehicle_o0473 0.999806 39.032990 20.290359 599.854370 475.644165
off-road_vehicle_o0502 0.221100 200.320190 121.926392 452.251892 390.075684
off-road_vehicle_o0504 0.020827 116.342621 157.781830 436.809235 338.994293
off-road_vehicle_o0564 0.026050 1.000000 5.480560 305.434753 215.000000
off-road_vehicle_o0573 0.976427 97.735153 106.887100 558.444397 387.580078
off-road_vehicle_o0573 0.307778 1.000000 1.000000 640.000000 480.000000
street_a0036 0.006760 1667.290283 1543.619873 2524.204834 2047.322998
street_a0038 0.005747 893.939697 325.005859 1211.810791 646.791870
street_a0058 0.029293 975.677002 6.087677 1142.740234 77.467255
street_a0087 0.015279 1715.431519 218.793213 2048.000000 1156.456177
street_o0024 0.009453 906.160400 375.157501 1030.925415 497.200226
street_o0045 0.006404 305.336426 638.482788 613.691162 927.078735
street_o0154 0.005076 1551.224243 633.639832 2407.150879 2020.688232
tank_a0024 0.008191 63.533508 1.000000 312.466339 497.741394
tank_a0032 0.020672 8.313187 12.382843 458.592712 370.973816
tank_a0143 0.006946 13.306656 51.368706 398.048645 288.937744
tank_a0204 0.005543 50.017120 22.100098 368.190948 300.000000
tank_a0233 0.046946 63.345840 11.479225 372.524719 265.423645
tank_a0334 0.207423 37.696167 107.941414 341.755219 348.949219
tank_a0353 0.013588 182.781235 75.489761 540.360352 338.135498
tank_a0374 0.015505 32.392197 279.040405 403.035889 404.002014
tank_a0374 0.018995 366.641479 227.889160 656.275757 356.946472
tank_a0383 0.005828 344.394684 203.469910 1005.424194 493.286072
tank_a0652 0.008244 216.849991 71.995605 280.265106 136.724442
tank_a0712 0.005591 5.252563 34.981682 268.000000 206.605377
tank_o0069 0.010951 22.452026 124.767578 468.373840 595.000000
tank_o0219 0.005381 24.002075 1.000000 500.000000 328.822083
truck_0008 0.010182 63.661469 91.711670 467.841644 250.276733
truck_0009 0.999191 17.723907 92.445572 921.212646 388.631592
truck_0010 0.999891 31.920578 50.117889 477.390686 316.081207
truck_0019 0.999985 1.000000 104.538185 691.000000 298.564545
truck_0020 0.460201 358.194092 134.100250 392.575317 199.550354
truck_0020 0.411811 55.175278 29.835526 361.267090 293.840027
truck_0021 0.999956 26.320923 16.508408 294.234772 155.348862
truck_0030 0.999931 62.060196 3.378784 536.897034 399.459473
truck_0031 0.990351 105.273560 2.725906 347.005798 280.701416
truck_0033 0.999931 51.648743 15.366455 402.868988 212.968338
truck_0041 0.999787 11.299728 32.605911 471.837402 309.761536
truck_0042 0.999561 1.000000 73.966385 592.118652 379.276611
truck_0043 0.982970 1.000000 71.695663 599.438782 226.020248
truck_0052 0.993059 43.971405 111.593796 372.552460 252.756668
truck_0053 0.999959 6.605087 65.144867 465.819031 342.529175
truck_0054 0.992188 15.360531 32.382912 137.364120 169.587952
truck_0063 0.485260 7.582130 1.000000 159.734863 144.727936
truck_0064 0.999709 38.443558 63.777313 414.789734 297.495667
truck_0075 0.999986 1.000000 24.450378 497.329956 333.000000
truck_0076 0.999928 33.701019 134.368149 418.627747 290.486084
truck_0077 0.999982 4.220840 25.554398 300.373596 281.683777
truck_0086 0.994469 30.142181 30.751358 458.524353 319.699463
truck_0088 0.051825 66.989929 160.068893 597.446472 338.437073
truck_0096 0.999976 18.482117 105.644043 278.569153 184.167175
truck_0097 0.999837 4.462814 53.068810 288.000000 153.503540
truck_0098 0.999654 11.458862 54.412971 293.949432 182.893524
truck_0106 0.999897 19.243851 147.404099 491.982117 232.702927
truck_0107 0.999015 17.976364 78.689575 471.971680 234.795776
truck_0108 0.998500 1.000000 48.424225 198.456177 112.019135
truck_0116 0.999981 43.473846 34.399216 500.000000 273.430298
truck_0117 0.999978 4.977829 15.829803 356.000000 235.709610
truck_0118 0.999079 145.553986 31.440414 403.853607 373.218872
truck_0126 0.999612 1.000000 77.313065 746.767700 433.004639
truck_0127 0.999594 59.186188 91.955116 396.142792 311.596649
truck_0128 0.999305 109.563538 148.042755 500.542664 355.038605
truck_0136 0.996877 60.547394 10.750008 226.348114 160.364838
truck_0138 0.999294 14.201782 24.592575 477.833618 360.612122
truck_0139 0.907656 110.362137 63.112999 376.560303 182.233978
truck_0147 0.999985 21.326622 1.000000 236.862244 188.867645
truck_0148 0.999817 90.715439 35.421806 477.707153 253.736969
truck_0149 0.978502 1.000000 42.680130 367.949280 251.467972
truck_0157 0.999395 13.898190 59.442970 135.299347 99.817665
truck_0159 0.365644 41.224106 154.104156 472.216858 240.287689
truck_0160 0.046356 28.329865 179.940430 464.732086 304.086365
truck_0168 0.999977 9.816170 23.745060 200.000000 132.350845
truck_0169 0.999980 9.672318 64.226265 301.624146 228.520721
truck_0170 0.184651 138.824509 1.000000 500.000000 375.000000
truck_0179 0.999990 13.002480 35.444145 191.570892 88.234528
truck_0180 0.999956 35.025337 70.839020 178.566467 252.505676
truck_0181 0.987346 21.607117 35.561886 237.909851 150.000000
truck_0189 0.996439 131.101334 52.106750 480.192261 364.165771
truck_0190 0.996926 26.597839 51.852341 349.739105 198.206268
truck_0190 0.357025 225.451889 53.511566 371.814880 188.305313
truck_0199 0.999296 57.363312 36.382172 393.608246 330.618134
truck_0200 0.999914 46.295734 17.493721 167.766129 123.176811
truck_0201 0.985162 18.520157 7.687286 280.353882 315.496490
truck_0209 0.974230 1.924728 140.279114 451.560547 267.379608
truck_0210 0.788099 73.382568 335.400818 1231.728760 654.594177
truck_0211 0.995689 56.187622 409.304810 1882.995361 923.445435
truck_0219 0.999994 12.193726 68.832245 498.487823 374.000000
truck_0220 0.999964 17.317474 6.927773 164.873657 167.000000
truck_0221 0.999988 59.515137 24.723412 431.865631 263.213440
truck_0230 0.999955 15.322006 31.137680 478.672058 354.914917
truck_0231 0.999625 46.424057 64.865730 483.630249 305.240631
truck_0232 0.830223 141.686707 52.911621 298.292572 164.995148
truck_0232 0.078004 216.224167 54.326107 303.684998 138.313538
truck_0241 0.999975 53.236115 53.306015 787.943604 400.163513
truck_0242 0.999985 79.860336 21.580677 289.012085 136.906876
truck_0243 0.914733 1.000000 31.052860 253.000000 107.905960
truck_0253 0.999846 13.837402 113.367020 599.573730 413.760864
truck_0261 0.999663 10.454514 21.479904 468.811462 411.942200
truck_0262 0.999994 20.760117 5.523796 294.216919 216.886902
truck_0263 0.034395 34.441101 1.000000 475.560638 355.619720
truck_0271 0.999997 87.750366 63.371780 400.383057 279.587769
truck_0273 0.999934 225.799805 137.975830 382.497375 247.280060
truck_0274 0.508461 103.387070 11.400894 475.058472 348.086365
truck_0285 0.925268 64.085632 57.258110 500.000000 286.804016
truck_0286 0.999997 18.144104 1.000000 474.192749 374.000000
truck_0296 0.999624 9.250046 34.117714 291.449707 201.458405
truck_0297 0.007003 50.894333 167.065887 240.689377 215.154663
truck_0298 0.999993 6.077484 20.834404 500.000000 234.397034
truck_0306 0.999912 150.109436 80.285454 397.365173 228.962341
truck_0306 0.256622 427.385986 108.412689 500.000000 212.012238
truck_0307 0.999853 13.223145 9.768105 500.000000 258.588684
truck_0308 0.999979 8.051971 17.075363 300.000000 123.176056
truck_0316 0.999978 1.000000 9.454437 500.000000 369.592590
truck_0317 0.835549 45.902695 68.739655 296.989258 170.011536
truck_0318 0.996621 71.407593 152.947037 441.161438 274.871826
truck_0326 0.999931 13.939545 50.566101 441.588593 311.630981
truck_0327 0.907187 94.578079 51.766144 589.854187 196.798309
truck_0328 0.996965 25.796585 1.000000 342.493652 466.972870
truck_0336 0.906421 284.104187 169.110977 434.845581 276.892273
truck_0336 0.073948 243.546707 199.876801 280.030884 258.364594
truck_0337 0.548375 265.493683 58.293488 496.854584 204.363647
truck_0337 0.958676 59.236618 60.938904 450.507751 229.619690
truck_0338 0.999975 1.000000 36.194458 650.000000 344.193451
truck_0346 0.997716 21.083160 44.069031 339.941406 446.546539
truck_0347 0.999916 68.624481 41.481499 362.709076 265.276215
truck_0348 0.999993 21.248550 19.387695 315.805603 188.812958
truck_0357 0.082897 78.783264 13.630833 313.621155 65.380081
truck_0358 0.999987 20.158356 44.759872 469.478760 317.889282
truck_0359 0.999737 14.441605 31.829224 497.061829 202.828445
truck_0369 0.989232 231.080536 110.956734 304.896820 214.304596
truck_0369 0.032760 135.238159 179.585617 198.658020 229.779892
truck_0370 0.996597 7.413170 32.482029 180.761017 87.913574
truck_0371 0.999925 31.284149 50.846062 346.737854 291.738525
truck_0381 0.998955 16.164581 44.974350 333.000000 411.452209
truck_0382 0.999838 12.995766 4.971001 225.000000 126.579582
truck_0383 0.999985 1.000000 21.476501 500.000000 300.993347
truck_0391 0.996012 10.777328 114.426819 445.706482 269.256683
truck_0393 0.999988 1.000000 76.109756 380.000000 180.611359
truck_0402 0.999528 2.478928 130.621674 491.584473 313.395294
truck_0405 0.999860 41.464874 1.000000 448.319031 323.627472
truck_0413 0.220633 33.761139 1.000000 459.391266 335.000000
truck_0414 0.999937 10.718689 18.383270 461.615997 210.331329
truck_0415 0.276001 125.216721 97.601639 398.861572 398.000000
truck_0424 0.999193 10.813675 15.453766 410.392212 206.880951
truck_0424 0.825254 4.850262 40.960857 123.390854 165.520691
truck_0425 0.999985 80.286926 39.677536 431.279724 306.445190
truck_0434 0.999986 26.200394 29.729553 374.000000 492.428650
truck_0435 0.823052 181.989685 201.895691 373.111267 271.179779
truck_0444 0.082023 13.441666 118.693542 442.719055 300.999298
truck_0445 0.999968 1.000000 61.838074 1857.080933 1068.822021
truck_0446 0.994685 145.358124 64.889664 250.000000 126.865479
truck_0446 0.849306 16.994026 12.015629 238.819366 127.977554
truck_0454 0.999018 1.790131 60.743591 396.605103 259.103882
truck_0455 0.886094 162.260727 1.000000 297.840088 198.000000
truck_0456 0.999033 22.335617 3.770905 487.931030 375.000000
truck_0464 0.008698 1.000000 50.805420 500.000000 275.004456
truck_0465 0.989680 35.361862 2.343933 481.743225 378.398315
truck_0466 0.998725 70.725220 27.797699 424.299561 318.617340
truck_0476 0.999924 3.817551 19.002708 468.632935 201.260223
truck_0477 0.999991 236.965439 64.000320 592.422119 225.061417
truck_0478 0.999186 133.504532 6.502014 500.000000 300.872437
truck_0488 0.998475 1.000000 37.245071 711.867188 516.028198
truck_0490 0.877881 78.483002 216.525604 699.875610 337.033234
truck_0498 0.998584 1.000000 8.020676 561.800049 307.007874
truck_0499 0.999995 2.161148 22.695099 165.454056 211.713684
truck_0500 0.999995 10.409401 14.942581 219.494232 122.973160
truck_0508 0.993316 14.669968 67.469505 303.622620 278.952698
truck_0509 0.847071 47.969925 158.098022 483.138489 265.296021
truck_0511 0.581766 16.900475 68.825348 207.263489 334.330231
truck_0511 0.997862 176.542480 60.825012 500.000000 341.769104
truck_0520 0.999612 19.509552 172.661133 474.878082 331.791504
truck_0521 0.999982 1.000000 24.009811 263.476135 174.608231
truck_0522 0.999898 28.070251 138.248001 909.822693 410.139709
truck_0522 0.335616 50.630188 160.038406 621.329956 347.455872
truck_0530 0.997889 120.718246 103.487061 365.978577 357.568512
truck_0530 0.168597 400.455688 245.426834 493.578186 313.632080
truck_0531 0.997034 1.000000 84.969223 440.525665 277.640625
truck_0532 0.771450 1.000000 61.150822 343.363098 161.447662
truck_0540 0.999959 66.071861 65.621956 292.660645 229.999023
truck_0541 0.984605 31.074768 300.519653 979.000000 520.988281
truck_0542 0.999994 4.587326 35.472977 450.000000 249.048752
truck_0550 0.449607 45.743256 49.727028 427.488525 219.729675
truck_0551 0.999886 41.823807 146.977417 414.974609 295.696808
truck_0552 0.174175 56.028774 67.682762 168.774994 276.678223
truck_0560 0.999938 26.724213 81.656204 404.441528 209.829758
truck_0561 0.994056 13.259125 26.097233 235.965210 144.148575
truck_0562 0.867485 1.000000 26.047218 610.000000 276.999084
truck_0562 0.065392 1.000000 40.790443 348.622406 198.996613
truck_0570 0.999620 58.336578 167.138412 205.713379 221.165421
truck_0572 0.995852 116.737808 78.323563 393.842590 188.017227
truck_0580 0.998906 35.837990 11.795837 250.000000 163.030304
truck_0581 0.999988 40.620850 79.888000 770.679504 498.345215
truck_0582 0.999442 1.000000 33.725124 298.300293 136.548706
truck_0591 0.999661 39.557861 27.579201 452.638031 258.115265
truck_0592 0.999945 47.346222 78.295837 484.782684 216.650299
truck_0593 0.999982 14.845764 17.453232 226.489960 145.831055
truck_0601 0.236823 1.000000 35.662437 228.736359 212.000000
truck_0602 0.999103 19.471519 16.563545 220.000000 144.870392
truck_0603 0.999522 1.000000 7.087917 506.985657 125.981903
truck_0611 0.957557 131.935699 157.060486 459.320892 249.878357
truck_0612 0.993468 1.000000 83.776031 500.000000 261.378082
truck_0613 0.979031 34.587799 27.629425 339.129700 491.529572
truck_0613 0.017233 1.000000 73.910866 375.000000 284.929413
truck_0621 0.999980 1.000000 57.808060 458.000000 320.387634
truck_0622 0.023062 1.000000 39.194000 385.612366 329.577667
truck_0623 0.997478 1.000000 106.983887 500.000000 308.188049
truck_0631 0.999980 34.791733 14.296783 458.711243 354.758636
truck_0633 0.992841 1.000000 30.879501 332.621399 440.395508
truck_0634 0.999615 26.480087 64.330772 293.073120 155.145111
truck_0642 0.999993 33.052002 11.454666 594.388306 323.290466
truck_0643 0.999997 5.423820 1.308716 246.338043 165.000000
truck_0644 0.694323 101.818268 29.245728 187.532562 167.478622
truck_0652 0.997413 10.681274 1.000000 412.000000 194.000000
truck_0653 0.999787 62.145206 39.832863 142.990509 119.007423
truck_0654 0.999990 18.734055 16.920609 400.000000 148.333298
truck_0663 0.999420 139.515900 159.923187 589.936768 378.807770
truck_0666 0.999589 194.212769 136.102768 500.000000 307.542053
truck_0675 0.999924 46.562149 43.755234 500.000000 347.733826
truck_0676 1.000000 7.134258 10.361359 120.000000 107.273209
truck_0677 0.999897 1.737038 51.161217 226.695923 164.338409
truck_0685 0.999969 41.288086 213.685226 500.000000 305.129883
truck_0686 0.999972 29.405441 124.146561 479.611450 246.030960
truck_0687 0.999982 1.000000 42.650803 600.000000 420.595093
truck_0695 0.139423 240.755081 154.588623 500.000000 313.233459
truck_0696 0.999844 7.429489 12.974564 299.799438 383.068665
truck_0697 0.999998 8.152061 12.365074 163.909698 161.900360
truck_0705 0.999998 26.547653 18.584335 340.357727 261.464905
truck_0706 0.999887 1.000000 143.376190 485.320801 282.699341
truck_0707 0.987334 5.673920 19.959976 366.859955 493.950562
truck_0716 0.998353 12.024841 38.661102 496.998840 307.038361
truck_0717 0.991765 218.617889 178.690002 443.116486 277.757599
truck_0718 0.999330 196.119568 69.256851 463.595032 271.074768
truck_0726 0.998964 125.687531 157.157288 431.212311 230.937836
truck_0728 0.999647 142.707443 212.352478 440.825867 284.952393
truck_0736 0.999882 24.905640 1.000000 458.210938 333.000000
truck_0737 0.999510 140.131271 202.263748 387.359070 260.291351
truck_0738 0.999841 88.948944 162.997040 496.025177 244.229584
truck_0746 0.998856 79.513733 103.681374 390.647003 349.129364
truck_0747 0.885660 151.768158 26.204468 333.000000 406.057739
truck_0747 0.088833 158.231888 41.889053 248.939743 249.402359
truck_0747 0.007944 168.436584 101.242882 314.847687 309.847961
truck_0748 0.999447 42.911316 158.416840 449.671661 271.333405
truck_0758 0.955250 1.000000 126.596420 644.633301 493.324341
truck_0759 0.999822 26.009735 210.622162 500.000000 288.079773
truck_0760 0.999736 76.695946 150.767838 313.220154 488.746826
truck_0768 0.999839 39.445389 48.659897 472.757996 316.753540
truck_0769 0.999628 18.428726 244.884735 469.408325 329.212738
truck_0770 0.997230 155.062607 110.836014 477.418274 210.473038
truck_0778 0.006246 24.796112 119.876183 114.836578 274.823181
truck_0778 0.005930 33.541290 175.762512 130.577087 256.861725
truck_0779 0.584639 24.912491 1.000000 488.091125 362.000000
truck_0779 0.005651 1.000000 13.586975 449.408295 184.643127
truck_0780 0.999455 115.338730 171.289047 430.819275 238.812210
truck_0788 0.488976 4.163696 121.602867 608.000000 278.828949
truck_0789 0.999881 17.139572 110.249596 493.870483 272.459167
truck_0790 0.999791 8.312622 35.991959 481.337952 293.717102
truck_0798 0.999910 198.000031 29.666458 485.664581 160.573242
truck_0799 0.999471 161.542618 28.298584 485.231445 308.396423
truck_0800 0.999946 54.265656 61.497955 491.459137 346.111420
truck_0808 0.999463 24.858978 31.917053 487.262787 238.175934
truck_0809 0.999951 67.804474 57.599327 483.392120 253.845612
truck_0810 0.999871 192.694702 67.755402 437.043152 116.584503
truck_0818 0.999965 2.451447 25.269135 206.471130 132.687042
truck_0819 0.999971 111.946518 188.832306 456.097290 254.656921
truck_0820 0.006375 11.311981 124.885094 463.605682 259.276886
truck_0828 0.999511 119.606903 212.006653 455.750458 288.167542
truck_0829 0.999493 53.166397 52.645264 324.713379 335.713379
truck_0830 0.988647 100.517075 83.080338 422.374084 351.632080
truck_0838 0.999967 1.000000 74.275345 380.000000 155.066895
truck_0839 0.999178 126.224808 205.088440 473.056885 282.713898
truck_0840 0.984889 35.907700 17.425262 500.000000 331.620605
truck_0848 0.998880 70.703178 228.128113 271.398254 385.138367
truck_0849 0.967596 38.802567 12.530487 454.544434 375.000000
truck_0850 0.693040 12.175873 62.674850 346.145782 313.577637
truck_0858 0.917892 43.358612 133.269684 467.583740 252.895660
truck_0859 0.985634 36.585983 1.000000 321.742737 500.000000
truck_0860 0.996201 216.044159 189.541534 450.312347 230.259277
truck_0868 0.997355 141.867294 234.028839 427.818054 288.393585
truck_0869 0.999992 1.000000 28.342880 500.000000 116.156357
truck_0870 0.999992 1.000000 31.092621 500.000000 202.216217
truck_0878 0.999867 172.647232 200.229095 452.919983 248.560791
truck_0879 0.999952 134.651962 205.027573 433.773621 269.302307
truck_0880 0.997366 102.346436 35.598083 406.434235 182.050201
truck_0888 0.999614 167.851303 107.977943 457.449890 293.230652
truck_0889 0.229295 1.000000 135.426666 333.000000 453.271271
truck_0890 0.713188 57.602196 163.069595 271.606628 271.581512
truck_0890 0.676943 98.792984 114.438667 500.000000 350.311829
truck_0899 0.807941 30.822556 92.914787 301.664551 215.449097
truck_0900 0.999963 16.731796 8.922928 480.038879 362.000000
truck_0908 0.993227 46.898880 51.945984 316.596008 474.386902
truck_0909 0.999990 75.261154 217.669525 485.145203 303.798981
truck_0910 0.997426 29.701324 58.978966 572.503906 311.209473
truck_0910 0.067728 362.312317 36.595375 598.420715 235.518250
truck_0919 0.996304 38.836792 58.269073 794.000000 458.546906
truck_0920 0.764735 71.423264 12.808262 294.676941 138.505142
truck_0921 0.999906 1.505783 40.983128 281.687134 145.865814
truck_0930 0.999859 166.099503 1.000000 439.969910 251.226410
truck_0931 0.999904 25.590729 1.000000 409.290283 333.000000
truck_0932 0.999021 25.005173 91.766594 500.000000 250.016266
truck_0940 0.999752 64.703812 101.024086 483.323425 266.209442
truck_0941 0.999996 50.708420 1.000000 461.194275 363.375275
truck_0950 0.096985 97.914978 58.042801 140.146301 91.299271
truck_0950 0.208937 173.690186 70.703026 263.347260 160.059052
truck_0950 0.986525 99.070084 26.119335 500.000000 148.761108
truck_0950 0.007520 99.036331 51.358345 150.638443 75.499321
truck_0951 0.601525 172.624695 144.481552 299.791901 298.201294
truck_0952 0.999138 10.204987 59.093460 379.681488 228.745132
truck_0960 0.999763 1.000000 16.551888 296.840393 179.864288
truck_0961 0.999964 8.972961 34.544388 800.000000 477.120483
truck_0962 0.999835 107.388031 67.146004 427.280792 242.237122
truck_0970 0.361344 1.000000 6.729111 442.284485 322.932861
truck_0971 0.999068 24.200851 123.388275 500.000000 258.014862
truck_0972 0.280898 25.629532 166.176727 467.424011 278.850494
truck_0980 0.999904 34.885635 28.800049 475.118286 320.391022
truck_0981 0.996385 3.022171 10.598232 178.055450 122.648758
truck_0982 0.999248 38.988464 539.001465 1988.463135 1021.963379
